Input image: input/image/kodim11.png
Best FL: (255, 190, 65)
15.114275130835324	-3.4916406139621214	-4.667899529377506
20.342649134944082	5.82362333284267	1.2912798905866163
22.383568427374016	-10.957759834580056	2.926552547114669
20.49494771994614	-5.80359149648213	-5.096565215807358
36.317949376743414	-13.955102577882627	0.8941371649802798
33.915817996770706	0.21408163795025303	-0.8109627104044503
34.800263409149146	-2.7868887644467155	6.361672083134994
44.42799717483981	-3.9330548480611127	6.094242942433292
