Input image: input/image/kodim01.png
Best FL: (255, 130, 40)
13.195742686138672	0.02508546115514987	0.010598919540105722
18.497464255975004	10.767417774046079	6.8644492670679735
19.966510235453626	-5.476648805276901	7.752147207039972
18.061641292457246	-1.6121115259603858	0.6477402044921865
32.896484243681094	-6.5703198050460765	7.78644118350017
31.199928706772553	6.931191447371171	6.761979796177242
32.010753601382035	5.059884111762392	12.841164316947873
41.05797573963444	5.3482562456825535	14.016789443085964
