Input image: input/image/kodim10.png
Best FL: (255, 210, 80)
15.79782983160776	-3.732019105142481	-7.44010822909873
20.980509396575314	4.858774100702179	-1.771626484024369
23.192400315199244	-11.91286314765086	0.08216239166410899
21.312312825288068	-6.109922628041914	-8.335876987759361
37.468277022628236	-15.118135165499591	-3.1527537647835446
34.846515940849635	-0.9299658240211894	-5.094805444193861
35.75296604039569	-4.472244733725067	2.574818397188139
45.55567261626224	-5.88329252766634	1.475073871256316
