Input image: input/image/kodim09.png
Best FL: (255, 200, 75)
15.491764039881645	-3.327301973328561	-6.699572068604942
20.685237158015987	5.524378785328576	-0.9292785161847616
22.816137028211074	-11.196961254028693	0.8175222817791483
20.939690254412795	-5.624013775568787	-7.466496779397769
36.93839469701452	-14.17536567783001	-2.1007629766673586
34.41562034669995	-0.04109982151845326	-3.9313232687421817
35.31219589626397	-3.396611829205587	3.5796221713037424
45.032088152435385	-4.617273183201986	2.7081112427915333
