Input image: input/image/kodim05.png
Best FL: (255, 105, 15)
11.46989167348842	0.9976949853112704	9.736099766106182
17.038306518448927	13.391244258617292	17.305740454471223
18.025593725451998	-2.531944945632053	17.548072908044187
16.19884611526121	-0.12428960120489108	11.91152535216472
30.167715729994086	-2.960401860111317	22.20174058528762
28.993458069419596	10.338191561356819	21.501306088590155
29.70725221288003	9.478176911322024	25.980132502938435
38.39916224634718	10.564924796558378	29.957454920293713
