Input image: input/image/kodim21.png
Best FL: (255, 195, 80)
15.441817997260149	-2.245620314204583	-8.062046097445352
20.60562089588729	6.452976780048358	-2.3315109021280978
22.701578113969767	-10.090201077377264	-0.6411276994422344
20.838631752114303	-4.360241130687364	-9.022864907287275
36.78887300892443	-12.5742582693677	-4.160049737926541
34.29622102274445	1.3871972044873504	-5.9561172229105726
35.18827929910985	-2.093726042078692	1.6998013033152293
44.86570235596717	-3.035604912458578	0.4254184269538941
