Input image: input/image/kodim16.png
Best FL: (255, 195, 55)
15.116625934266352	-5.1683702450671944	-1.7968573965849832
20.393871644055885	4.532040674615379	4.331293603674469
22.458893809120156	-12.585994574167342	6.014201099985373
20.52002224793604	-7.780631006167715	-1.7534285357460155
36.39351563577074	-16.34541875289314	5.2556929407065685
33.990526064041745	-1.9082281470460538	3.51618686161016
34.87275571615524	-4.569596805685638	10.303419841948747
44.512452521264215	-6.117680664306069	10.84837847445499
