Input image: input/image/kodim17.png
Best FL: (255, 105, 45)
11.974078128607474	4.8681935674601	-3.3549882771712225
17.363792557872564	15.743257276207679	3.2323710911793535
18.402788252443287	0.6438550808558485	3.487640073544107
16.66590344470975	4.448033550652708	-3.680710125644493
30.746037832167737	1.8497697372674982	2.0477553516999203
29.46784862779105	14.400503923262892	1.413452696993811
30.17299508453077	12.529535842318529	7.7452124786490995
38.88530178383131	14.341828843840249	7.8526212905222215
