Input image: input/image/kodim14.png
Best FL: (255, 195, 35)
14.868693612845188	-7.648408888523944	4.655444733957542
20.23576801699216	2.97812649082535	11.182965156268532
22.270229671156876	-14.67791507493485	12.821258280492831
20.24715629341962	-10.699822388288343	5.771669959554893
36.075811532968956	-19.528396053863943	14.924976394335443
33.75828742297191	-4.66737085196664	13.232221450631055
34.62766820371834	-6.586941860359935	19.05238484251387
44.2133891420786	-8.638983525257327	21.419074079832022
