Input image: input/image/kodim15.png
Best FL: (255, 105, 30)
11.711911355707723	2.9925248387903807	2.314696649304304
17.1993020310953	14.580931711693779	9.15445470426265
18.211417524609246	-0.9087716700563464	9.409448784717883
16.43617749942584	2.2369948892347056	2.8239368671164278
30.441063271070504	-0.5137540421677189	10.531450616370286
29.229964858087094	12.40915780452162	9.835756450579735
29.931272018093594	11.055403380458657	15.437423609979994
38.63724792335779	12.480358080362851	17.17794774596917
