Input image: input/image/kodim08.png
Best FL: (255, 160, 70)
14.443515011829628	0.26029381026099196	-7.269236012582969
19.612473085056067	9.57246359265751	-1.2034784138594712
21.403072598332997	-6.585326450965434	0.07552996011267465
19.5463887888519	-1.3773882898797662	-8.00107951437673
34.96412863995929	-7.781889324672219	-3.1187785914806976
32.83631145107172	5.736797830945023	-4.526664464095909
33.688289257119045	2.7329891999551825	2.7741820269620354
43.041297170054165	2.706305923679042	1.7509417028870322
