Input image: input/image/kodim02.png
Best FL: (255, 55, 10)
8.255431266206152	11.145700144606488	7.779786641720532
14.192915995844338	24.01686619018778	16.771756650989282
13.955427967456114	11.14556038617906	15.401216583586974
12.419883163669695	12.422903986690992	11.01886943544526
24.707916513979093	15.815834677383094	20.69944419034964
24.54606349859843	26.25420633864098	21.374349332187236
25.104181869083085	25.71549730498163	25.32901958572893
32.941831663339755	30.425899472137253	29.379202286105254
