Input image: input/image/kodim13.png
Best FL: (255, 180, 45)
14.596216841596739	-4.888517592704201	0.6475831404662791
19.909368881762703	5.357841858982942	6.999823407292749
21.84228031754956	-11.743415375368881	8.504871046736874
19.90318304454083	-7.429612584328115	1.0927787148556134
35.51887298194334	-15.29524984250985	8.812763179576056
33.28320569985438	-0.8783318204370338	7.259375366835785
34.14993808034322	-3.157322688533193	13.61958405009559
43.66245123084595	-4.4740679912751435	14.89398436187599
