Input image: input/image/kodim03.png
Best FL: (255, 150, 40)
13.735685793261329	-2.27662782584484	1.0007118707504148
19.051993617871304	8.3708166445709	7.657705977222995
20.715130352745987	-8.293019934923956	8.802526794497744
18.79941461397864	-4.342863309584333	1.6475817946097426
33.942264908900285	-10.525603628183944	9.267254708524009
32.02192127370454	3.4388787683707065	8.032832984736482
32.857097010233716	1.4564178178320397	14.137820746285657
42.102784681985504	1.025141971847554	15.568819985160609
