Input image: input/image/kodim12.png
Best FL: (255, 205, 40)
15.191157711738548	-7.988310259167742	3.2203410058834314
20.541457288759915	2.327560369550757	9.62417665770351
22.658985909419805	-15.36436108099068	11.382509771504424
20.63060489690581	-11.112816835200572	4.10225729350141
36.62382042410954	-20.418765876003526	12.858643963379679
34.20409392264461	-5.531816853994897	11.046168127144828
35.08271774212711	-7.652521265280182	17.12941845856416
44.747893489579	-9.892632985356808	19.069967814452294
