Input image: input/image/kodim19.png
Best FL: (255, 165, 55)
14.350395765199412	-2.0594056639726688	-3.0665221201642057
19.600996032244574	7.83034234550517	3.208089273173087
21.41874621391944	-8.75545308726608	4.549751647262035
19.526787875835318	-4.106976440131859	-3.143153695611922
34.95506202845331	-10.990069018866427	3.2149255422849965
32.82650654938219	2.9391509616766287	1.7860462387517817
33.68169160735827	0.38106763183040626	8.562602181242573
43.076325068206096	-0.187633572384438	8.78575705523491
