Input image: input/image/kodim18.png
Best FL: (255, 100, 25)
11.33946264788624	3.281532713950361	4.253391907503018
16.88697582337771	15.187149937683774	11.1699250435769
17.78975828145017	-0.1985131752048619	11.268275699506376
16.032706496320493	2.6439534550679324	4.9562194968097995
29.8522450807438	0.38094476690389567	13.278005499818768
28.75399273144199	13.21927631347905	12.647666896762399
29.435301606855738	12.066921224442611	17.953765648430707
38.064182306753665	13.68384030136066	20.230382741760387
