Input image: input/image/kodim20.png
Best FL: (255, 210, 65)
15.620186885567097	-5.433628433895915	-3.9098291059452617
20.86580672265569	3.740960645421565	2.0174848422939595
23.05634460618184	-13.388006586667222	3.866290129158767
21.116699601661573	-8.11381514202439	-4.211709863976598
37.239892315843036	-17.342599882146036	2.1903449587490686
34.678377690722705	-2.891672478869234	0.2728998489872736
35.57559700782419	-5.922370833608081	7.43525682852132
45.33922254370423	-7.692705344914675	7.3456027951006035
