Input image: input/image/kodim04.png
Best FL: (255, 95, 35)
11.214192619824605	5.524564075678237	-0.46165993661942406
16.735548525072325	16.975106458488238	6.215137212990318
17.552566503272068	2.125323824049313	6.177453981912906
15.863726391530662	5.358752086055657	-0.5755707435164736
29.541535953297377	3.7094283856439203	6.062954891695416
28.512934593167635	16.078677714738866	5.568837400771454
29.165245280559972	14.637040374636644	11.454141495184466
37.728135764832686	16.7994989756248	12.358991999623626
