Input image: input/image/kodim07.png
Best FL: (255, 130, 5)
12.628437675490645	-4.73491745226004	16.62781569391294
18.13646707267553	7.880527536317016	25.101683790697
19.555552978781137	-9.32831891630856	26.308932495652606
17.56489309282655	-7.183968750854975	22.255617005055083
32.24159485684477	-12.472983713791269	36.47947090609288
30.681882014241985	1.9830601930529157	35.75494258483776
31.486099723805822	1.3798420389962984	38.649524550020416
40.51977932723788	0.7401175106257207	45.29500193228719
