Input image: input/image/kodim23.png
Best FL: (255, 105, 20)
11.5437347475185	1.6739267198911252	7.162574318880943
17.090651319695617	13.788939391420897	14.235707534176884
18.085519406093532	-1.9827203697380946	14.456741393393536
16.279594093403297	0.6831383984645945	8.427678256622318
30.248829150878585	-2.142734494696458	17.784475859673133
29.071434445511407	11.037739019098048	17.052748642748185
29.776276963975697	10.024999834270465	21.987913535782333
38.47519611344012	11.208228832038063	25.11056933019925
