Input image: input/image/kodim24.png
Best FL: (255, 170, 55)
14.477100716535507	-2.5994244312315393	-2.835865951246175
19.732782344651383	7.260736684402386	3.4019241646192633
21.594453643646368	-9.413967162708426	4.803323138232729
19.699192617885082	-4.743205670491523	-2.901466173377787
35.19981740575154	-11.912509690730461	3.5708453723466427
33.021127989177955	2.1126008737134825	2.091543122406725
33.8819794616461	-0.47135951360463557	8.874421200493977
43.323438046897834	-1.2087730382862039	9.160473232802179
