Input image: input/image/kodim06.png
Best FL: (255, 150, 20)
13.430116527392066	-4.940030075930607	9.628895427401662
18.85622214193161	6.730064035482042	16.659181839102473
20.492822870621858	-10.465492482540556	17.709753028577584
18.525980988007305	-7.4464428129469855	11.57327932822766
33.586499712316154	-13.847093331418703	21.994736487843713
31.74094371364	0.6276369203259968	20.866851049171174
32.571457209242	-0.6429299369850039	25.707409597659115
41.80431263601404	-1.5945150629764204	29.583272045918985
