30.7946 36.4757 31.8944
30.8875 36.8704 33.0331
30.9555 37.1622 33.8797
31.0414 37.5338 34.9631
31.1471 37.9961 36.3209
31.2738 38.5586 37.9877
31.4219 39.2285 39.9951
31.5915 40.0109 42.3683
31.809 40.9277 45.0844
32.0466 41.9599 48.1984
32.3 43.1019 51.718
32.7756 44.5131 55.329
33.581 46.2841 58.8741
34.0312 47.1259 60.2323
34.3625 47.672 60.9231
34.678 48.1925 61.5818
31.0627 37.6425 32.5344
31.0144 37.7399 33.0799
31.0495 37.8863 33.9523
31.1074 38.1529 35.0992
31.1844 38.5393 36.5273
31.2783 39.042 38.2682
31.4179 39.6773 40.3119
31.6054 40.4503 42.677
31.8026 41.3374 45.4371
32.1081 42.4045 48.4614
32.2972 43.4914 52.0766
32.8661 44.9572 55.5662
33.5721 46.5391 58.9038
33.9363 47.0842 59.6107
34.3022 47.7982 60.9544
34.6328 48.3101 61.6179
31.2956 38.6739 33.1032
31.1673 38.8163 33.3985
31.2136 38.9299 34.2111
31.3691 39.156 35.3255
31.3278 39.4923 36.7937
31.4501 39.9673 38.5359
31.5996 40.5766 40.5994
31.7708 41.3157 43.0146
31.986 42.1944 45.7739
32.183 43.1735 48.9656
32.4566 44.3053 52.471
33.0711 45.7737 55.9313
33.7256 47.0527 58.519
33.9603 47.4423 59.4329
34.3203 47.9287 60.1136
34.5183 48.3042 60.9882
31.6116 40.1027 33.8956
31.3912 40.3044 33.9809
31.6219 40.3471 34.8926
31.4835 40.6191 35.8409
31.548 40.9345 37.2928
31.6451 41.3717 39.0841
31.8207 41.9519 41.1809
32.0142 42.6711 43.6159
32.1791 43.5031 46.458
32.4565 44.5029 49.5818
32.8886 45.7045 52.9213
33.16 46.751 56.2787
34.5943 48.9253 59.4996
34.3531 48.3939 59.2613
34.2631 48.1665 59.387
34.6751 48.8123 60.6124
32.0191 41.9973 34.9539
31.8284 42.1912 35.0242
32.1741 42.1842 36.0267
31.7333 42.5931 36.5976
31.8581 42.8819 38.0838
31.9865 43.3019 39.8929
32.1193 43.8529 42.0444
32.3174 44.543 44.5286
32.4882 45.3557 47.3935
32.7266 46.309 50.59
33.4763 47.6026 53.6903
34.2073 49.0495 57.1097
34.2946 49.0144 57.9429
34.7885 49.6768 59.5011
34.2018 48.4848 58.4377
35.6188 50.6926 61.6655
32.5271 44.408 36.3269
32.3612 44.5903 36.4062
32.1251 44.8535 36.7079
32.362 44.9875 37.9377
32.319 45.3395 39.2508
32.3976 45.7615 41.0447
32.5301 46.2973 43.2208
32.6768 46.9588 45.7587
33.0269 47.7738 48.5848
33.4571 48.7559 51.6784
34.0097 49.7324 54.607
33.575 48.6603 54.4567
34.1448 49.3473 56.3718
35.0171 50.5802 58.8292
35.36 50.9119 59.9435
34.9387 50.0703 59.564
33.1267 47.3717 38.0391
32.9841 47.5394 38.1405
32.6629 47.8493 38.2923
32.7916 48.0254 39.4034
32.8507 48.3388 40.7939
32.8527 48.7748 42.5363
33.1449 49.2692 44.7867
33.526 49.9115 47.3287
33.6604 50.6647 50.1245
33.5458 50.0303 51.0715
34.8522 51.767 54.7774
34.2379 50.346 54.3307
35.0023 51.3583 56.8305
34.3045 49.8862 55.9847
35.3681 51.3734 58.7059
35.7263 51.7944 60.0573
33.8143 50.8935 40.1241
33.6671 51.0589 40.2153
33.3232 51.3764 40.315
33.4807 51.5398 41.4395
33.8217 51.7494 43.0661
34.1067 52.1235 44.9086
33.5734 52.0937 46.0186
34.2946 52.7442 48.7415
34.4109 52.5018 50.2465
33.9819 51.317 50.4686
34.7209 52.1629 53.1008
34.7678 51.8429 54.1183
34.9636 51.8192 55.3623
34.9028 51.4324 56.0314
35.7393 52.4982 58.338
34.9487 50.969 57.3379
34.5979 54.6196 42.5235
34.45 54.4774 42.5004
34.0975 54.0671 42.27
34.0135 53.8885 42.8018
34.8385 55.1607 45.4872
35.5046 55.9135 47.8834
34.9143 54.7115 47.85
35.0195 54.4544 49.2011
34.8769 53.7181 49.963
35.2767 53.9892 51.9116
34.8235 52.8274 51.9865
34.9584 52.6675 53.2118
34.7998 52.0396 53.7338
35.4212 52.7606 55.8355
35.5985 52.77 56.9362
35.2122 51.8767 56.8059
35.196 55.3576 43.7171
35.0738 55.2163 43.6715
34.7452 54.8139 43.3679
34.5709 54.7615 43.6492
35.2201 55.5715 45.6741
35.8117 56.3735 47.7785
35.4326 55.7801 48.1205
35.8027 56.0242 49.8843
34.9996 54.3459 49.2462
35.4105 54.6113 51.0839
34.9136 53.4015 51.0173
35.3237 53.7256 52.8093
35.2156 53.2211 53.4855
35.3561 53.1119 54.5615
35.8765 53.6938 56.4196
36.5522 54.5257 58.4871
35.7296 56.0152 44.7793
35.7026 56.0225 44.8899
35.5737 55.8852 44.9099
35.1696 55.4318 44.5671
35.1433 55.3625 45.1086
36.1191 56.6864 47.7932
36.6968 57.5339 49.8494
35.9759 56.5199 49.4888
35.4371 55.3187 49.2783
36.4161 56.6003 52.2493
35.8994 55.4148 52.0965
35.6808 54.7225 52.5423
35.4614 54.0298 52.9413
36.1816 54.907 55.2439
36.2816 54.778 56.2142
36.3111 54.535 56.9618
36.2037 56.599 45.7212
36.1852 56.6083 45.8145
36.0718 56.4669 45.8016
35.7424 56.0822 45.506
35.6655 55.9597 45.8294
36.3077 56.8879 47.7455
35.4447 55.7622 46.8402
37.5265 58.616 51.741
37.5362 58.4812 52.5976
36.7951 57.5179 52.2859
36.8791 57.3156 53.2742
36.336 56.1214 52.9902
36.1022 55.4156 53.308
36.1768 55.2478 54.26
35.9283 54.5637 54.5163
36.333 54.9448 56.047
36.6211 57.1124 46.5489
36.6081 57.1219 46.6282
36.5039 56.9748 46.5868
36.1826 56.5924 46.2383
36.0709 56.5703 46.464
36.7053 57.3876 48.2155
37.0725 57.8659 49.5406
37.7151 58.7213 51.4864
36.923 57.8534 50.9132
36.8324 57.8485 51.7525
36.6323 57.0657 51.9617
36.6534 56.9195 52.8689
36.7118 56.7299 53.7601
36.7665 56.5527 54.6438
36.8356 56.3636 55.4841
36.2475 55.1507 54.9969
36.9794 57.5656 47.2629
36.97 57.5745 47.3305
36.8716 57.4202 47.2653
36.8452 57.4457 47.4628
36.5227 57.0675 47.1658
36.4384 56.9746 47.4351
37.1145 57.9047 49.2982
36.2171 56.8585 48.2592
37.3575 58.337 51.1389
38.3473 59.6344 53.7642
36.2869 56.718 50.643
36.9683 57.5844 52.7789
36.9786 57.4395 53.6068
37.0257 57.2377 54.4029
37.069 57.0445 55.1878
37.4305 57.3831 56.6132
37.2858 57.9537 47.8731
37.2788 57.9617 47.931
37.1826 57.8026 47.8443
37.1627 57.8252 48.013
36.8487 57.4369 47.6705
36.7502 57.4227 47.8851
37.3898 58.2512 49.5775
37.7671 58.7313 50.8182
38.0718 59.1818 52.0193
38.691 60.0751 53.8961
37.5845 58.7488 52.6461
37.9093 59.1054 53.9964
36.5594 57.0047 52.1325
36.9229 57.3221 53.5315
37.2782 57.6455 54.9195
36.6449 56.4028 54.3056
37.5429 58.2781 48.3843
37.5374 58.2849 48.4339
37.5275 58.2971 48.5226
37.4269 58.1397 48.4739
37.1152 57.7485 48.0917
37.0244 57.7291 48.2592
36.9998 57.7026 48.5966
37.6875 58.6283 50.4004
36.8042 57.562 49.2713
38.6724 59.9059 53.3602
37.8935 59.0596 52.64
38.915 60.2966 55.1591
38.1455 59.4359 54.6003
36.7666 57.3479 52.6787
37.1255 57.6461 54.0012
37.4711 57.9593 55.3166
34.4597 41.4561 37.8091
31.9032 38.0251 34.017
32.0515 38.2559 34.6687
31.6992 37.8189 34.4583
31.6452 37.9528 36.5979
31.1353 37.8412 39.7843
31.2754 38.6086 41.5276
31.4407 39.4417 43.7416
31.749 40.4734 46.1726
31.8754 41.4259 49.3997
32.1893 42.6299 52.751
32.6651 44.0616 56.2878
33.0497 45.1978 58.9856
33.3512 45.7968 59.7086
33.6484 46.3676 60.4034
34.9076 48.3543 62.4034
31.5793 37.6925 32.6481
31.5662 37.7107 33.3712
31.012 37.2636 35.7031
31.1087 37.6424 36.5336
31.2088 38.0985 37.7543
31.2699 38.6062 39.4439
31.4231 39.2799 41.3627
31.6398 40.0975 43.5944
31.8107 40.9748 46.3392
32.0024 41.9653 49.4825
32.3721 43.1955 52.778
32.9442 44.6868 56.1984
33.7702 46.4827 59.6647
34.2269 47.366 61.0444
34.5493 47.9346 61.7621
34.8602 48.4755 62.4393
31.6521 38.7175 33.1887
31.4193 38.9392 33.2834
31.2223 38.9801 34.3017
31.2682 39.0436 35.82
31.3561 39.2991 37.4514
31.4611 39.7222 39.2906
31.6072 40.3053 41.3846
31.7921 41.0383 43.7822
32.0321 41.926 46.4914
32.2379 42.9025 49.6568
32.4285 43.9703 53.256
33.1157 45.5082 56.5611
33.7107 46.7426 59.0422
34.0708 47.2811 59.76
34.4332 47.9897 61.1082
34.7578 48.4921 61.7682
31.9032 40.1466 33.9635
31.7141 40.349 34.0438
31.4439 40.5597 34.5584
31.5055 40.6626 35.9283
31.9967 40.9079 37.5157
31.7047 41.2717 39.5032
31.8251 41.7938 41.721
32.0312 42.4844 44.1972
32.1761 43.2783 47.0957
32.4623 44.2654 50.2181
32.937 45.4868 53.4929
33.5923 46.948 56.916
33.7242 47.2358 58.1232
34.1599 47.8987 59.4009
34.5257 48.3515 60.0765
34.7292 48.7039 60.9368
32.2809 42.0405 35.0166
32.1394 42.2157 35.1333
31.7677 42.5319 35.3319
31.8509 42.6666 36.5913
31.9041 42.9196 38.1751
32.1359 43.2851 40.1077
32.1785 43.7926 42.3604
32.3701 44.4456 44.9164
32.4999 45.2132 47.8646
32.8761 46.196 50.9733
33.5214 47.4452 54.1541
34.017 48.5734 57.2731
34.5419 49.2388 58.8709
34.0041 48.1012 57.9033
35.4148 50.2828 61.1176
35.1098 49.6731 60.7732
32.7609 44.4588 36.3661
32.6277 44.6278 36.4796
32.3117 44.9366 36.6624
32.334 45.1319 37.7454
32.3383 45.4251 39.2151
32.4376 45.7992 41.1306
32.5864 46.2938 43.4033
32.741 46.9202 46.0154
33.0551 47.7016 48.908
33.1801 48.5434 52.1647
34.3923 49.93 55.1152
34.4397 49.9236 56.5227
35.0823 50.6645 58.3923
35.2249 50.7071 59.3313
35.1172 50.331 59.5571
35.5702 50.972 61.0502
33.3817 47.4044 38.1241
33.222 47.5861 38.1876
32.9463 47.8796 38.383
32.699 48.2107 39.0885
32.861 48.4497 40.6831
32.9311 48.8354 42.5568
33.1964 49.3044 44.8724
33.5272 49.9197 47.4793
33.5284 50.3023 49.9055
34.1048 50.8003 52.3108
34.7524 51.4682 54.7189
34.2635 50.2842 54.5995
35.4428 51.9046 57.7956
35.6585 51.978 58.8978
34.9693 50.566 57.9657
35.8084 51.8114 60.3634
34.0559 50.9314 40.1926
33.9131 51.0976 40.2813
33.57 51.4212 40.364
33.6278 51.622 41.3881
33.8363 51.8658 42.9315
33.9839 52.256 44.7447
33.6455 52.1211 46.0278
34.3393 52.7524 48.7924
34.1868 52.0254 49.7593
34.0429 51.3191 50.628
34.2809 51.3055 52.2141
34.6488 51.517 53.9141
34.8179 51.4472 55.1074
34.67 50.9171 55.5978
36.1711 53.0995 59.3066
36.3263 53.1534 60.2968
34.9149 54.9375 42.8111
34.6843 54.6525 42.6137
34.4892 54.5071 42.7276
34.0185 54.0315 42.6009
34.9607 55.1967 45.4406
34.9232 55.0098 46.5341
34.9963 54.7503 47.8492
35.0828 54.4922 49.2355
34.9305 53.7569 50.0422
35.3258 54.0177 52.022
34.5865 52.351 51.4998
34.714 52.1846 52.743
35.3823 52.9395 55.0163
36.1699 53.9185 57.4461
35.4464 52.4228 56.6615
35.4967 52.2875 57.5054
35.5089 55.7588 44.1027
35.282 55.4039 43.8244
35.1283 55.2672 43.8888
34.699 54.81 43.6402
35.2721 55.5709 45.5602
34.569 54.3932 45.0502
35.5218 55.8301 48.1334
34.6654 54.1641 47.4504
35.0669 54.4035 49.3135
35.4669 54.6634 51.1736
34.9701 53.4547 51.1385
35.3805 53.7681 52.9427
35.2792 53.256 53.6266
35.3073 52.9759 54.5059
35.7268 53.3899 56.1649
36.0637 53.6888 57.5879
36.0349 56.4234 45.2096
35.811 56.0645 44.8896
35.682 55.9283 44.9126
35.3383 55.5429 44.6891
35.2479 55.4117 45.1217
36.2128 56.7315 47.8061
36.7814 57.5776 49.8669
37.0382 57.9323 51.4042
35.5064 55.3805 49.3346
36.473 56.655 52.3156
35.9558 55.4702 52.1867
35.7343 54.777 52.652
35.5168 54.0791 53.0634
36.2375 54.9443 55.3643
36.3403 54.8078 56.3326
36.1104 54.182 56.6244
36.2958 56.6382 45.7315
36.2775 56.6476 45.8259
36.1642 56.5068 45.8152
35.8354 56.1246 45.5234
35.7031 56.1021 45.8169
36.3141 56.9112 47.6546
35.5276 55.816 46.8719
36.563 57.3564 49.8524
37.6005 58.5266 52.6353
36.8588 57.5687 52.3411
36.9361 57.3669 53.3422
36.389 56.1762 53.0762
36.1521 55.4699 53.4083
36.2265 55.2961 54.3668
35.9805 54.6053 54.6255
36.0542 54.4524 55.4986
36.6999 57.1483 46.5652
36.6868 57.1582 46.645
36.6636 57.1759 46.7878
36.5471 57.0379 46.8401
36.1506 56.6101 46.4882
36.1219 56.573 46.9552
36.7749 57.5033 48.8976
37.415 58.3693 50.8716
36.9898 57.8978 50.9531
36.8981 57.8938 51.8013
37.2784 58.1732 53.3237
36.7041 56.9747 52.9402
36.7605 56.7816 53.8396
36.8132 56.6011 54.7307
36.88 56.4088 55.5772
36.2942 55.1908 55.0922
37.0472 57.5981 47.2817
37.0378 57.6073 47.3497
37.021 57.6238 47.4714
36.9127 57.4796 47.4842
36.5911 57.1024 47.1902
36.5057 57.0115 47.4618
37.1102 57.92 49.2272
36.2827 56.8998 48.2938
38.1277 59.2493 52.4827
38.4002 59.6734 53.8006
36.3418 56.7681 50.6957
37.0204 57.6294 52.8347
37.0269 57.4862 53.6709
37.0701 57.2847 54.4747
37.1104 57.0904 55.2664
37.4707 57.4232 56.6929
37.3446 57.9826 47.8926
37.3375 57.9908 47.9508
37.325 58.0052 48.0548
37.2214 57.8548 48.0345
36.908 57.4675 47.6941
36.8098 57.4541 47.9106
37.4463 58.2827 49.6032
37.4566 58.3635 50.1824
38.1241 59.2137 52.0486
38.7402 60.1072 53.9273
37.6365 58.7835 52.6852
37.9559 59.1443 54.0406
36.6056 57.0499 52.1882
36.9665 57.3647 53.5906
37.3184 57.6871 54.9831
36.685 56.4426 54.3739
37.5942 58.3036 48.4034
37.5886 58.3105 48.4532
37.5787 58.3229 48.5423
37.478 58.1657 48.4944
37.1668 57.7755 48.1137
37.0762 57.7568 48.2827
37.0509 57.7313 48.6215
37.676 58.6296 50.3348
38.0487 59.1105 51.5698
38.7171 59.9331 53.3876
37.9391 59.0904 52.6729
38.9565 60.326 55.1924
38.188 59.4678 54.6401
36.8095 57.3837 52.7268
37.1642 57.6838 54.0541
37.5079 57.9943 55.3713
36.0391 43.5813 40.3412
34.5498 41.6238 38.6026
32.5355 38.8952 35.2304
32.9132 39.4566 36.3098
32.8173 39.3865 36.5989
32.6249 39.1878 36.9781
32.7986 39.6349 39.511
32.51 39.6989 43.4522
31.8153 39.5621 48.2065
31.8093 40.4398 51.4876
32.172 41.7826 54.5218
32.5428 43.1796 58.0625
33.4875 45.2161 61.0963
34.8676 47.6708 63.6321
35.1421 48.3532 64.4123
34.802 47.8168 63.0545
33.1371 39.6302 35.408
33.6666 40.3819 36.745
32.5161 38.8774 35.1763
32.6915 39.1621 36.0417
32.5206 38.9952 36.4613
32.603 39.2978 38.1196
32.2477 39.1971 41.8019
31.578 39.0394 46.0129
31.6517 39.9255 48.6577
31.985 41.1345 51.3087
32.166 42.2416 54.7634
32.7942 43.8606 57.9048
33.9642 46.0594 60.6377
34.2163 46.7454 61.6551
34.4821 47.362 62.3962
34.75 47.9468 63.0977
32.2914 38.7984 33.3312
32.4303 38.9887 33.4668
32.3073 38.8993 34.7967
31.2431 37.8852 38.8637
31.3162 38.3021 40.0457
31.5163 38.9281 41.362
31.5674 39.4958 43.4228
31.7957 40.3209 45.5618
31.9722 41.1912 48.2434
32.2641 42.2575 51.1653
32.4344 43.3086 54.7285
33.0875 44.8758 57.9434
33.3363 45.5493 59.2571
33.6294 46.1378 59.989
33.9115 46.6916 60.687
34.1867 47.2173 61.3442
32.4249 40.2239 34.0886
32.3379 40.4132 34.1932
31.9338 40.7437 34.4022
31.6104 40.7329 36.0995
31.6683 40.7345 38.3053
31.7425 40.964 40.5424
31.9056 41.4222 42.8575
32.0772 42.0531 45.4179
32.2839 42.8479 48.2596
32.4251 43.7238 51.5571
32.9634 44.997 54.6846
33.5142 46.4003 58.1779
33.9513 47.0915 59.3046
34.3058 47.6141 60.0348
34.6642 48.3108 61.3846
35.0954 48.9975 62.3178
32.7548 42.1094 35.1512
32.6365 42.294 35.2407
32.3265 42.6102 35.4347
32.1064 42.8162 36.53
32.0235 42.9836 38.3454
32.3675 43.2424 40.5235
32.2612 43.6434 43.0169
32.6413 44.2852 45.5603
32.6402 44.9545 48.6948
32.9743 45.8901 51.8676
33.4563 47.0453 55.2065
33.5486 47.2469 56.6802
34.2988 48.4115 58.9342
34.2566 48.2051 59.1439
34.6232 48.6038 59.7979
35.0801 49.3369 61.164
33.2057 44.5309 36.4863
33.1125 44.6854 36.6364
32.839 44.9938 36.8181
32.3316 45.4148 37.326
32.4509 45.574 39.1567
32.5186 45.8667 41.2839
32.6614 46.2779 43.7534
32.8288 46.8315 46.5181
33.12 47.5513 49.5258
33.6834 48.5087 52.627
34.4821 49.7355 55.7761
34.8889 50.2733 57.7904
35.077 50.3315 58.807
34.6083 49.4391 58.6045
35.4721 50.6225 60.6117
34.8385 49.379 59.4769
33.802 47.4806 38.2293
33.6688 47.6558 38.3094
33.447 47.9326 38.5482
32.8652 48.4284 38.8148
32.91 48.6568 40.4573
33.0821 48.9489 42.5798
33.2872 49.3686 45.0233
33.3591 49.9319 47.7631
33.5329 50.0674 50.0593
33.9622 50.329 52.2688
34.1404 50.2169 53.7573
34.7336 50.8075 55.8614
34.2696 49.7143 55.6577
34.81 50.3791 57.5318
35.7085 51.5532 59.745
35.965 51.8737 60.997
34.4631 51.0109 40.2834
34.3483 51.1667 40.4004
34.1754 51.4116 40.6992
33.5484 51.9411 40.823
33.8868 52.0798 42.6711
34.2647 52.3506 44.7998
34.2172 52.8781 46.9338
34.4196 52.7718 48.886
34.8294 52.9468 51.1119
34.4114 51.7716 51.4881
34.515 51.5012 52.8132
35.5546 52.8694 56.0215
34.8961 51.4249 55.5225
35.4703 52.0553 57.4477
36.6278 53.6627 60.4218
35.9344 52.356 59.742
35.3504 54.9929 42.9624
35.2069 55.1588 43.0314
34.8421 54.7158 42.7923
34.344 54.1825 42.6245
34.7564 54.8235 44.5733
35.6035 55.9995 47.575
35.8947 56.1923 49.5083
35.2002 54.5653 49.298
35.0313 53.8313 50.1898
35.1523 53.5895 51.6258
34.9239 52.7778 52.2363
35.41 53.2116 54.2794
35.2654 52.5906 54.8565
36.1245 53.6934 57.4627
35.2328 51.9496 56.3978
36.0994 53.0915 58.7835
35.8327 56.0745 44.2756
35.6985 55.8359 44.1916
35.4383 55.4905 44.028
35.2392 55.3632 44.2612
34.8651 54.8207 44.3194
35.7195 56.1054 47.0958
36.5566 57.2957 49.9453
34.8154 54.2789 47.5347
35.1898 54.5125 49.4373
35.5716 54.7611 51.3395
35.9734 55.024 53.2085
35.4909 53.8495 53.191
35.5953 53.6783 54.3371
35.6452 53.4128 55.2549
35.8386 53.4282 56.4214
35.9449 53.3489 57.3805
36.3241 56.7556 45.434
36.2024 56.5046 45.3181
35.9568 56.1568 45.0928
35.7989 56.0325 45.2541
35.3673 55.6032 45.0884
36.0061 56.422 47.1483
36.5914 57.2474 49.267
37.1753 58.0141 51.453
36.4557 57.0267 51.2968
36.5846 56.7509 52.4361
36.059 55.5732 52.3523
35.537 54.3477 52.1925
36.2359 55.1796 54.5524
36.0069 54.4749 54.9114
36.452 54.9048 56.6095
36.2073 54.2331 56.8515
36.6672 57.0792 46.1963
36.6483 57.089 46.2917
36.4103 56.7366 46.018
36.2777 56.6081 46.1214
35.9295 56.2448 45.9669
36.4688 56.9915 47.6941
36.7992 57.4694 49.1349
36.7038 57.4416 49.9156
36.593 57.4264 50.8278
36.0527 56.1976 50.5591
37.0394 57.4616 53.4662
36.4856 56.2771 53.2333
36.2462 55.5665 53.5884
36.3187 55.3827 54.5594
36.073 54.6778 54.8194
36.1482 54.5099 55.6851
37.0537 57.5877 47.0531
37.0406 57.5974 47.1339
36.8044 57.2426 46.8195
36.6875 57.1063 46.8755
36.3545 56.7417 46.6443
36.2611 56.6492 47.0038
36.9058 57.5786 48.9486
37.5375 58.4425 50.9273
38.1251 59.3203 52.9383
38.1182 59.1998 53.7562
37.3824 58.2597 53.425
36.7998 57.0707 53.067
36.8492 56.8758 53.984
36.8978 56.69 54.8892
36.9624 56.4889 55.7435
36.62 55.6597 55.7609
37.3866 58.034 47.7838
37.3769 58.0436 47.8522
37.1422 57.6835 47.5071
37.0337 57.5406 47.5225
36.7137 57.1652 47.2337
36.6047 57.1581 47.5133
37.226 57.9858 49.2767
37.5873 58.469 50.6072
38.2311 59.3139 52.5401
37.4464 58.4772 51.9816
37.3729 58.4624 52.7946
37.1143 57.7116 52.9357
37.1138 57.5717 53.7872
37.1502 57.3707 54.6051
37.1876 57.1704 55.4054
37.5438 57.4959 56.8369
37.6704 58.4177 48.4019
37.4428 58.0427 47.9863
37.4301 58.0578 48.0913
37.4096 58.0822 48.2625
37.298 57.9418 48.3187
36.9162 57.5112 47.9563
36.8851 57.4933 48.3633
37.5562 58.4224 50.233
36.6731 57.3764 49.2214
37.7989 58.857 52.0685
37.7297 58.8462 52.7555
36.713 57.2456 51.5127
36.6889 57.1324 52.289
37.0449 57.4423 53.6976
37.3908 57.7629 55.0985
36.7572 56.5151 54.4979
37.9086 58.7375 48.9171
37.6802 58.3563 48.4877
37.6702 58.3693 48.5775
37.654 58.3902 48.7238
37.547 58.241 48.7409
37.2298 57.8622 48.4353
37.1332 57.8517 48.684
37.7643 58.68 50.3803
38.1345 59.1591 51.6174
38.4397 59.5992 52.8092
39.0526 60.4937 54.6647
39.0309 60.379 55.2523
38.2643 59.5254 54.7116
36.8868 57.448 52.8131
37.2341 57.7517 54.1493
37.574 58.0579 55.4703
37.5605 45.6306 42.7881
36.4292 44.1618 41.6184
35.1322 42.4388 39.7948
33.2654 39.8999 36.6335
33.7912 40.6758 38.0008
34.0354 41.0678 39.0153
33.9974 41.1117 39.5916
33.9692 41.1623 40.7036
34.3249 41.8933 43.8772
34.4384 42.4854 47.9467
34.0256 42.5881 53.4434
33.4 42.671 59.2673
33.0168 42.9968 61.7792
33.6278 44.4987 62.5257
34.82 46.7986 64.407
34.3683 46.3388 63.1681
35.8353 43.2665 39.8316
35.585 42.9706 39.9088
34.8243 42.0023 39.101
33.3031 39.9596 36.6917
33.7665 40.6414 38.0299
33.9028 40.9189 38.8966
33.8446 40.9117 39.6765
34.0372 41.3624 41.5327
34.1499 41.7978 45.3026
33.9569 42.0883 49.8815
33.5223 42.3133 54.9992
32.6637 42.1825 61.0353
33.3128 43.8284 61.9053
34.4733 46.1405 63.8216
34.1113 45.8323 62.5578
34.9396 47.4091 63.8818
33.2834 39.8084 35.384
33.9965 40.8113 36.8145
34.2916 41.2911 37.8784
33.3993 40.1182 36.8609
33.6873 40.5933 38.1004
33.6586 40.6439 38.9925
33.7267 40.8974 40.7637
33.7794 41.2906 43.9263
33.5322 41.5086 48.0018
32.632 41.1165 53.6316
32.3895 41.7586 57.7841
32.8233 43.2794 61.0131
33.9779 45.5856 63.1745
33.7613 45.4499 61.9335
34.6119 47.0371 63.276
35.8949 49.276 65.5004
33.2895 40.3506 34.287
33.4167 40.5269 34.4038
33.6123 40.8024 34.7009
33.3681 40.6046 36.8487
31.9521 39.1795 42.2891
31.6594 39.2246 44.7456
31.7559 39.8162 46.6483
32.0912 40.7458 48.4947
32.2533 41.5799 51.1499
32.3166 42.4073 54.4129
32.8821 43.8186 57.2177
33.9229 45.7637 59.6906
34.7642 47.5916 62.9648
34.5932 47.3521 62.1247
34.8589 47.9396 62.8651
35.2515 48.7233 63.8843
33.5054 42.25 35.297
33.4763 42.4158 35.4291
33.3404 42.7132 35.6594
32.6281 43.2331 35.9579
32.1394 43.1051 38.5873
32.2116 42.9902 41.6618
32.3168 43.1701 44.5793
32.4849 43.6084 47.5005
32.6888 44.2586 50.57
32.9497 45.1061 53.8375
33.5178 46.3145 57.0022
33.9278 47.0932 58.966
34.3357 47.6291 59.7764
34.7105 48.3119 61.1564
35.0739 48.8573 61.931
36.2582 50.8027 64.5217
33.9174 44.6537 36.6696
33.8492 44.8155 36.7981
33.6719 45.1058 37.0226
33.1474 45.5954 37.3457
32.679 45.8766 38.9001
32.6673 45.9779 41.532
32.8609 46.208 44.4203
32.9254 46.6039 47.5152
33.3273 47.2489 50.6322
33.8175 48.1275 53.853
34.4952 49.2788 57.1128
34.2765 48.6887 57.5009
34.2447 48.4087 57.9449
35.6162 50.4634 61.0805
35.3507 49.8779 60.8106
36.0931 51.0843 62.91
34.461 47.622 38.3554
34.3995 47.7604 38.5336
34.1802 48.0656 38.6934
33.7153 48.5411 39.0106
33.0219 49.0552 39.9138
33.1916 49.2002 42.4538
33.4076 49.4794 45.2565
33.6482 49.9164 48.2769
33.8477 50.2014 51.0639
34.2808 50.4267 53.3908
34.2628 49.9222 54.4264
34.2565 49.5416 55.3379
34.8258 50.1591 57.2322
35.6737 51.3172 59.6362
35.6039 51.0791 60.2525
36.324 52.0346 62.008
35.1456 51.1234 40.4798
35.0568 51.2728 40.6135
34.8768 51.5367 40.8584
34.4526 51.9945 41.1771
33.7492 52.5797 41.8239
34.2328 52.69 44.423
34.6354 53.0073 47.0901
34.5502 52.8191 49.0489
34.4556 52.0612 50.353
34.6053 51.7971 52.0383
34.7695 51.6001 53.5641
34.9154 51.4655 54.9554
34.9911 51.28 56.0925
36.5393 53.5398 60.0779
36.0062 52.3176 59.4562
37.1394 53.9949 62.4335
35.9698 55.1301 43.0778
35.9175 55.2481 43.281
35.6635 55.5457 43.398
35.2593 55.1699 43.4736
34.4742 54.2739 43.1585
34.4361 53.8315 44.405
35.9983 56.3503 49.3528
34.5572 53.3674 47.6923
35.2019 53.9735 50.4507
35.609 54.1461 52.5603
35.4535 53.4553 53.4353
35.0138 52.3067 53.5744
35.4428 52.6422 55.4041
35.7758 52.8805 56.9679
35.6137 52.3663 57.4748
36.4659 53.5256 59.9212
36.5946 56.9545 45.0173
36.2971 56.5097 44.6134
36.0956 56.2133 44.5835
35.8751 55.9954 44.7816
35.2024 55.1498 44.3269
35.6774 55.8743 46.4271
36.4801 57.0438 49.3401
35.854 55.9581 49.4504
35.9184 55.693 50.845
35.7498 54.9379 51.6286
35.8641 54.6803 52.9474
35.5982 53.8551 53.446
35.4759 53.2837 54.1476
35.8747 53.6368 55.8958
36.5204 54.3989 58.0292
36.6648 54.3471 59.0224
36.7699 57.2124 45.7111
36.7389 57.223 45.8273
36.5678 56.9043 45.7494
36.3902 56.6777 45.8647
36.0061 56.2151 45.7753
35.6074 55.7181 45.8628
35.4415 55.4749 46.5761
36.3671 56.9365 49.6807
35.4681 55.3103 49.005
35.846 55.5272 50.8324
36.233 55.7551 52.6373
36.6214 56.0057 54.4025
36.0979 54.8107 54.273
35.9739 54.2622 54.8704
35.964 53.9533 55.6814
36.9113 55.2775 58.4567
37.164 57.8236 46.7676
37.0194 57.4779 46.5612
36.9841 57.4983 46.7369
36.6278 56.8915 46.3427
36.4737 56.7809 46.5849
36.0478 56.3834 46.4892
36.6817 57.2141 48.558
37.6145 58.455 51.2937
37.8493 58.8462 52.8246
36.258 56.3712 50.7467
37.2108 57.6271 53.6768
36.6474 56.4522 53.5011
36.1022 55.1969 53.2251
36.1603 55.0041 54.2243
36.8532 55.8371 56.4437
37.2806 56.2785 58.1033
37.3865 57.9821 47.3473
37.3727 57.9932 47.4301
37.2489 57.7218 47.329
36.9971 57.3868 47.1125
36.8647 57.2673 47.2817
36.462 56.8619 47.0787
37.0525 57.6869 48.9327
36.2256 56.6953 48.1791
37.3033 58.1559 51.1628
38.2919 59.3315 53.8832
37.5553 58.4067 53.5943
36.9602 57.2333 53.2799
36.9972 57.0374 54.2282
36.7369 56.3011 54.482
36.7868 56.0958 55.3592
36.873 55.9929 56.3152
37.6923 58.4257 48.0995
37.5754 58.1391 47.9067
37.5579 58.1578 48.0311
37.3133 57.8124 47.7695
37.1935 57.6838 47.8791
36.8664 57.3233 47.7028
36.7643 57.2577 48.0899
37.4093 58.1891 50.0435
38.047 59.039 52.0095
37.6221 58.5969 52.1025
37.5435 58.5882 52.9367
37.2698 57.8503 53.1039
37.2583 57.7166 53.9818
37.2844 57.5149 54.8229
37.3162 57.3053 55.638
37.6003 57.5011 56.9306
37.8423 58.5015 48.4577
37.8349 58.5105 48.517
37.8219 58.5265 48.6231
37.5815 58.1704 48.3244
37.4697 58.0317 48.385
37.15 57.6633 48.1405
37.0445 57.6649 48.4592
37.6586 58.4967 50.2256
36.8437 57.4804 49.3223
37.9541 58.9599 52.1704
38.9193 60.2507 54.7591
36.8643 57.3649 51.6542
37.5188 58.2308 53.7472
37.4961 58.1018 54.545
37.5115 57.8892 55.2899
37.8137 58.1537 56.6184
38.0581 58.8115 48.9717
38.0523 58.8191 49.0224
38.0421 58.8327 49.113
37.8323 58.5055 48.8409
37.8608 58.5393 49.133
37.5825 58.2172 48.9073
37.6531 58.4299 49.4879
38.0817 58.9944 50.7937
38.4596 59.4898 52.0557
38.8862 60.0987 53.4905
39.3194 60.7653 55.0177
38.3939 59.6666 54.0855
38.5306 59.8161 55.0947
37.425 58.1843 53.7719
37.593 58.2747 54.8225
37.9929 58.7059 56.3114
39.0625 47.6468 45.1992
38.3838 46.7756 44.7042
37.1294 45.1409 43.0891
35.9142 43.5175 41.3272
34.1181 41.074 38.2758
34.8239 42.1218 40.0054
35.2977 42.8131 41.4943
35.5156 43.2184 42.6223
35.6624 43.5157 43.9517
35.7921 43.8321 45.7736
36.304 44.8045 49.744
36.6478 45.7367 54.3609
36.8504 46.6849 59.435
36.714 47.3051 64.7161
35.271 45.7082 63.5116
34.7094 45.4451 63.5703
37.7674 45.8985 43.0496
37.5353 45.6148 43.1029
36.888 44.7733 42.4918
35.8249 43.378 41.0789
34.2494 41.2771 38.5174
34.8351 42.158 40.0586
35.2574 42.7701 41.5187
35.4499 43.1359 42.7018
35.5594 43.3993 44.0709
35.8732 44.0299 46.5421
36.3032 44.9447 50.5938
36.4967 45.7111 55.4786
36.531 46.4825 60.794
35.9976 46.4785 64.1364
34.5284 44.8468 63.148
34.6648 45.6145 63.6102
35.8422 43.2564 39.6295
36.5464 44.2642 41.1196
36.3123 43.9903 41.2213
35.6245 43.1273 40.5805
34.3272 41.3978 38.651
34.8483 42.1724 40.1935
35.2313 42.7794 41.7222
35.4032 43.1592 43.0202
35.4674 43.3575 44.7627
35.8758 44.1999 48.28
36.1089 44.9703 52.5322
35.9421 45.3559 57.9889
35.6932 45.8705 63.5649
34.9589 45.4054 63.0496
34.426 45.1903 63.1895
34.9114 46.4121 64.0217
33.6136 40.2041 35.4997
34.2211 41.0688 36.6731
35.1009 42.3168 38.5173
35.4138 42.8387 39.8206
34.6651 41.8872 39.2822
35.0236 42.4895 40.9181
35.1421 42.8114 42.3251
35.1926 43.0299 44.33
35.4273 43.6969 47.4941
35.1975 43.822 52.3113
34.9873 44.2632 56.9445
34.3439 44.2331 61.864
33.8667 44.1823 62.2079
34.3912 45.5067 63.0166
35.5098 47.6636 64.829
35.2138 47.4887 64.2413
34.6218 42.4271 35.5664
34.734 42.5852 35.7057
34.925 42.8559 35.9771
35.2321 43.2931 36.4096
34.7997 42.9133 39.639
33.5729 41.7166 45.095
32.3184 40.6141 50.3422
32.4123 41.2523 52.6553
32.5955 42.0819 55.2036
33.0882 43.3397 57.5911
33.5971 44.6862 60.4193
33.7919 45.2987 61.1415
34.622 46.8163 62.5112
34.8757 47.4612 63.3024
36.112 49.5761 65.4419
37.3411 51.6289 67.4286
34.9369 44.831 36.9297
34.9352 44.9903 37.0596
34.8925 45.2765 37.2845
34.6642 45.7451 37.6444
33.5141 46.4814 38.0204
32.8489 46.1472 41.8675
32.9037 45.85 45.966
33.0335 45.924 49.6578
33.4347 46.4173 52.9786
33.8199 47.1623 56.3608
34.2042 47.6719 58.4023
34.5857 48.0767 59.532
34.8633 48.4431 60.5457
35.5557 49.6133 62.6388
36.6293 51.2985 64.8823
37.7717 53.1425 67.3184
35.4469 47.7849 38.6454
35.4006 47.9421 38.7701
35.2827 48.2261 38.9822
34.9799 48.6867 39.3317
34.1292 49.3775 39.7547
33.4254 49.6623 41.9957
33.5831 49.642 45.584
33.7087 49.8204 49.1975
34.3712 50.2866 52.6602
34.748 50.5287 55.3665
34.9542 50.3901 56.9588
35.4343 50.7582 58.7104
35.1149 50.0547 59.0563
35.3774 50.2687 60.1682
37.1787 53.0259 64.1982
37.9345 54.1741 66.2297
36.0902 51.299 40.7235
36.0393 51.4349 40.8929
35.8908 51.7095 41.1054
35.5818 52.1472 41.4748
34.8931 52.7896 41.9591
34.5424 53.1558 43.9087
34.8673 53.3181 47.0145
34.5497 52.5392 48.8449
34.7162 52.1352 51.0278
34.6314 51.3931 52.4062
35.6373 52.6128 55.9126
34.9373 50.9766 55.4772
36.6111 53.4036 59.8915
35.5602 51.4303 58.6368
37.1879 53.883 62.6792
38.4195 55.7213 65.7956
36.9683 55.2387 43.4929
36.8777 55.3954 43.586
36.666 55.6951 43.6944
36.3502 56.1171 44.0538
35.6333 55.3917 43.9939
34.878 54.4829 44.2722
36.2674 56.5902 49.1261
35.3858 54.5955 49.0251
35.2448 53.7782 50.3322
35.3463 53.4373 52.0433
35.4559 53.146 53.6079
35.5872 52.9136 55.0201
35.9059 53.0803 56.7363
35.5247 52.1347 56.8756
36.694 53.8178 60.1534
38.4495 56.5282 64.5978
37.5805 58.1036 45.7689
37.527 58.1101 45.9087
37.2387 57.6391 45.7273
36.9041 57.1649 45.7195
36.253 56.2553 45.3427
35.4859 55.4155 45.1228
35.3203 55.0787 46.2497
36.1375 56.3448 49.5902
35.3934 54.6451 49.4296
36.0289 55.2353 52.0931
35.8543 54.4611 52.9289
35.6564 53.71 53.6479
35.8445 53.6387 55.0696
36.1428 53.7836 56.6118
36.8156 54.607 58.8733
37.98 56.2713 62.0566
37.7407 58.3661 46.7553
37.5255 58.0015 46.4738
37.4468 57.8564 46.6194
37.0755 57.4666 46.3871
36.7414 56.9342 46.4006
36.0732 56.1254 46.0191
36.5608 56.8733 48.1518
36.7378 57.2372 49.8528
36.6126 57.1445 51.1013
36.1575 55.8353 51.1967
36.4981 56.0507 53.0851
36.5879 55.7643 54.288
36.0597 54.5443 54.216
36.1301 54.3186 55.2875
37.1252 55.6753 58.2382
38.245 57.2604 61.3711
37.8887 58.6089 47.5009
37.8367 58.4472 47.5114
37.5135 58.0245 47.0896
37.3264 57.7118 47.0816
37.1479 57.4942 47.2741
36.5041 56.6585 46.7073
36.9792 57.4163 48.5792
36.1449 56.4699 48.0814
37.1475 57.8524 51.1912
37.404 58.1706 52.8993
37.4687 57.8872 53.9987
36.8913 56.7289 53.914
36.3434 55.4673 53.7064
36.7048 55.7268 55.3384
36.8372 55.6548 56.4764
37.9741 57.3076 59.7079
38.1548 58.9606 48.3505
37.8499 58.5134 47.8221
37.8246 58.536 47.976
37.6481 58.206 47.9
37.4878 57.9743 48.0047
37.1286 57.5136 47.8585
36.74 57.0546 47.8184
37.6898 58.3667 50.5213
38.2765 59.2069 52.5931
37.4936 58.374 52.2752
36.8918 57.1815 51.9781
37.8174 58.4587 54.8492
37.2178 57.2879 54.5997
36.9513 56.5389 54.8929
36.8867 56.1342 55.5682
38.0297 57.8085 58.7985
38.1267 58.94 48.5168
38.1166 58.9512 48.5895
37.9559 58.592 48.3775
37.9272 58.6247 48.5881
37.776 58.381 48.6216
37.4303 57.8968 48.3809
37.0377 57.5019 48.2296
37.6207 58.3377 50.0884
36.809 57.3533 49.3582
38.8728 60.0972 54.1581
38.8383 59.9981 54.9613
38.1108 59.0795 54.6418
37.4719 57.9366 54.273
37.483 57.7352 55.1503
37.3528 57.2319 55.6398
38.6137 59.1228 59.0958
38.3545 59.3115 49.1663
38.1992 58.9307 48.8739
38.1861 58.9476 48.9832
38.0487 58.6791 48.8834
37.8002 58.3396 48.6685
37.7537 58.3143 48.9689
37.7328 58.3804 49.4384
37.635 58.3383 49.8537
38.2759 59.1663 51.7387
38.8771 59.9494 53.5936
38.2513 59.3271 53.3318
38.155 59.2881 54.0882
37.8919 58.6698 54.3104
37.8613 58.5825 55.1703
37.9004 58.4381 56.0251
38.7935 59.741 58.6847
38.3941 59.219 49.3346
38.3883 59.2269 49.3867
38.378 59.241 49.4797
38.5125 59.3339 49.8956
38.9422 59.8915 50.994
39.0976 60.1033 51.6141
38.9585 60.005 51.7545
38.7131 59.7568 51.7686
39.3598 60.6409 53.579
38.7764 59.9656 53.1132
39.643 61.134 55.4479
39.3002 60.7615 55.5838
38.5687 59.7594 54.9958
38.3864 59.532 55.5241
38.5348 59.7438 56.692
38.9194 60.2064 58.2315
40.5771 49.6507 47.5966
40.0535 48.9988 47.2974
39.0774 47.7484 46.2166
38.0659 46.4542 44.9576
36.8717 44.8554 43.1901
35.1148 42.4469 40.1996
35.9064 43.617 42.1179
36.5995 44.6312 44.0364
37.0769 45.3499 45.7612
37.4743 46.033 47.5323
37.7714 46.5666 49.5386
38.1191 47.2462 52.1951
38.8561 48.6307 56.572
39.3552 49.7566 61.9429
39.7925 51.0395 67.3425
38.6216 49.8359 66.6049
39.6493 48.3886 46.0596
39.2301 47.8757 45.8081
38.7762 47.3208 45.5543
37.9472 46.2473 44.6193
36.7185 44.6185 42.8436
35.1832 42.5388 40.3205
35.9648 43.7191 42.2521
36.6221 44.6826 44.1437
37.0993 45.3909 45.9524
37.4898 46.0944 47.7513
37.7691 46.6192 49.8067
38.1914 47.4001 52.99
38.8376 48.6724 57.5426
39.4089 50.0321 62.4289
39.1388 50.1882 66.7445
38.574 49.9642 66.6317
38.3835 46.7129 43.8722
38.47 46.8482 44.3191
38.1083 46.431 44.2023
37.6418 45.8603 43.9247
36.7359 44.6736 42.7976
35.446 42.9445 40.8146
36.0917 43.884 42.5676
36.7688 44.8824 44.6312
37.1355 45.5098 46.2727
37.4987 46.169 48.2169
37.6289 46.4525 50.3711
38.3102 47.7487 54.2417
38.8686 48.9783 58.8092
39.1056 49.8469 64.4927
38.4319 49.4571 66.1877
37.9015 49.2555 66.0099
36.0315 43.486 39.664
36.8834 44.6581 41.2214
37.646 45.7634 42.9204
37.3769 45.4724 43.0964
36.8298 44.7957 42.7835
35.883 43.573 41.6382
36.3773 44.3125 43.2927
36.8771 45.1023 45.2317
37.1643 45.6407 47.0197
37.4174 46.167 49.1975
37.809 46.958 52.5857
38.2802 48.0592 56.7391
38.4564 48.8343 61.9992
38.1714 49.0829 65.7219
37.0807 48.0121 65.0379
36.4742 47.6331 64.7385
35.2223 42.2761 37.0137
35.2008 42.3251 37.4429
35.7935 43.1448 38.7281
36.686 44.4371 40.9063
36.9881 45.0091 42.5484
36.3585 44.2553 42.5337
36.7514 44.9324 44.5867
36.9156 45.3284 46.5397
37.0264 45.7014 48.9283
37.2963 46.4314 52.5223
37.4569 47.1637 56.6623
37.1938 47.4126 62.14
36.5757 47.1912 64.1126
35.876 46.6969 63.6424
35.6784 46.931 64.0811
36.6786 48.9329 65.8146
36.3102 45.0699 37.2631
36.4162 45.2209 37.4057
36.6048 45.4898 37.6569
36.9017 45.9158 38.0873
37.3249 46.5246 38.6863
36.6334 45.8824 43.246
35.5695 44.8963 48.7779
34.4372 43.9262 54.3204
33.2737 43.0098 59.8501
33.8339 44.2508 61.0979
34.4228 45.4742 62.0301
35.3745 47.2654 63.7577
35.7003 48.0384 64.4587
35.8268 48.4591 64.7449
36.7736 50.1525 66.4011
38.3637 52.7605 68.6817
36.7338 48.0333 38.9438
36.7484 48.1825 39.086
36.7527 48.4557 39.3186
36.6828 48.907 39.6768
36.3275 49.5479 40.2078
34.6633 50.4729 40.7614
33.9365 49.8493 46.0372
34.2612 49.4132 50.9942
34.5439 49.4784 55.2009
34.9678 49.5121 57.7527
35.1831 49.5132 59.6001
35.5432 49.7607 60.9374
36.397 51.0944 63.687
37.3309 52.4005 65.5756
38.493 54.2738 68.3857
39.5927 55.9965 70.6633
37.3465 51.5117 41.1063
37.3222 51.6544 41.2542
37.2528 51.9204 41.4855
37.0777 52.3511 41.8658
36.6254 52.9852 42.3606
35.3711 53.8832 42.8714
35.0001 53.9387 46.3794
35.3 53.4742 50.1839
35.0048 52.097 52.0345
35.9114 52.9031 55.8872
35.7622 52.0886 57.1136
36.1032 52.1585 58.9153
36.738 52.8778 61.2222
37.6149 54.0587 63.8008
38.3615 55.2215 66.3788
40.1913 57.9939 70.3859
38.1251 55.4943 43.7328
38.0709 55.6419 43.8494
37.9727 55.8897 44.1006
37.743 56.3125 44.4518
37.3148 56.8906 45.0258
36.2658 56.0193 45.0547
36.1192 56.013 47.3934
36.223 55.9659 50.2212
35.7018 54.3167 51.1363
35.8012 53.8415 53.1391
35.6456 53.0278 54.3625
36.4736 53.9007 57.3538
36.2559 53.1897 58.1198
38.277 56.1762 63.2099
38.8441 56.8479 65.2251
40.1951 58.8275 68.6512
38.9867 59.6893 46.724
38.7607 59.2881 46.5219
38.652 59.2569 46.7738
38.1261 58.4473 46.4421
37.6935 57.9871 46.6544
36.8025 56.7027 46.2326
36.0498 55.8928 46.5405
37.4875 58.0433 51.3964
36.3953 56.1496 51.103
36.2212 55.2731 52.2684
36.2879 54.8837 53.8402
36.5868 54.92 55.7415
36.4286 54.2671 56.5828
37.8901 56.2921 60.5587
38.6026 57.2468 63.0977
40.4107 59.9567 67.6145
38.8532 59.595 47.6529
38.8177 59.6098 47.7772
38.5635 59.204 47.5862
38.2278 58.6843 47.4367
37.8841 58.2313 47.5127
37.2383 57.3424 47.2081
36.4995 56.5607 47.0674
36.2522 56.3838 48.1517
37.0953 57.6505 51.4837
37.1353 57.2882 52.9247
36.6312 56.021 53.1574
36.679 55.7001 54.474
36.442 54.9053 55.0697
37.5615 56.4181 58.4224
38.7143 58.0333 61.7777
39.9122 59.777 65.1854
38.8816 59.7314 48.4908
38.8593 59.7466 48.5963
38.578 59.2579 48.2555
38.3266 58.9159 48.153
37.9239 58.3826 47.9202
37.5831 57.8629 47.9837
36.9318 57.0823 47.6666
37.4142 57.8708 49.8033
37.6108 58.2501 51.5011
36.6426 56.7177 50.8855
36.9427 56.9282 52.7129
36.9659 56.6324 53.8867
37.3021 56.8224 55.6116
37.326 56.5665 56.6873
38.6292 58.4481 60.3585
39.5657 59.7865 63.2718
38.8595 59.7419 48.9732
38.8446 59.7563 49.062
38.6223 59.3745 48.7893
38.5359 59.2433 48.9348
38.1924 58.854 48.7113
37.8701 58.2968 48.6271
37.238 57.4693 48.1156
37.7126 58.2498 50.0031
38.3355 59.1128 52.2174
38.8727 59.919 54.3673
38.1446 59.0467 54.254
38.1476 58.8033 55.2842
37.5325 57.6565 55.136
37.4699 57.2291 55.9155
38.8699 59.2957 59.7648
39.7029 60.4509 62.4076
38.8642 59.7669 49.3594
38.8538 59.7792 49.4343
38.7862 59.6234 49.4431
38.4667 59.195 49.0479
38.28 58.8705 49.0185
38.1117 58.6581 49.1656
38.2199 58.8227 49.9864
37.7566 58.2955 49.8195
38.4766 59.2917 52.0552
38.3185 59.1888 52.7154
38.3357 59.3494 53.8335
38.4425 59.3766 54.9987
37.9587 58.5641 55.077
38.1372 58.6915 56.4165
38.755 59.5077 58.6165
39.5145 60.5578 61.0771
38.99 59.9484 49.8974
38.9823 59.959 49.9602
38.9686 59.9779 50.0727
38.6532 59.5319 49.6354
38.4722 59.1864 49.5425
39.0378 59.9416 51.0777
39.4566 60.4677 52.3783
39.1558 60.2016 52.4027
39.4955 60.6755 53.7309
39.9882 61.3254 55.3991
40.5577 62.2311 57.3556
39.4686 60.8623 56.2345
39.207 60.5158 56.6917
39.1769 60.6044 57.7438
39.2161 60.5631 58.7465
39.8087 61.2561 60.7009
38.8413 59.7594 49.8041
38.8354 59.7682 49.8579
38.8249 59.784 49.9541
39.0609 59.9545 50.573
39.4281 60.511 51.5834
40.3023 61.6773 53.6608
40.6552 62.0647 54.7155
40.1812 61.548 54.2785
40.7334 62.3091 55.9035
41.229 63.0215 57.4798
41.6981 63.6254 59.0036
41.6317 63.721 59.6947
39.7814 61.3702 57.1139
40.4787 62.4005 59.3261
39.7734 61.5989 59.0768
40.1655 62.0482 60.6321
42.1026 51.6704 50.0167
41.4746 50.8625 49.4615
40.8457 50.1085 49.002
40.1665 49.2303 48.3666
39.1799 47.9726 47.1185
37.6785 45.976 44.7679
36.2729 44.0427 42.4404
37.2347 45.4443 44.7259
37.9927 46.5544 46.7854
38.8309 47.8019 49.2407
39.3932 48.704 51.3506
39.8612 49.4516 53.6661
40.4996 50.5962 56.5709
40.9251 51.3787 59.877
41.8358 53.0963 64.6741
42.2842 54.1578 69.5979
41.338 50.6304 48.7624
41.0938 50.3666 48.7854
40.7115 49.8985 48.6447
39.7293 48.6402 47.5036
38.7686 47.3881 46.2873
37.8787 46.2587 45.1108
36.369 44.181 42.6173
37.3216 45.58 44.9119
38.1703 46.7736 47.2233
38.8649 47.8412 49.4249
39.4144 48.7154 51.6006
39.9868 49.7066 54.0782
40.4622 50.5411 56.9195
41.038 51.6567 60.3565
41.8518 53.1825 65.4739
42.2387 54.2508 69.6233
40.1706 49.1021 46.8153
40.3156 49.3309 47.3551
40.177 49.1734 47.5478
39.522 48.3503 46.9664
38.8323 47.4956 46.295
37.9858 46.399 45.2424
36.7001 44.6811 43.2469
37.4934 45.8516 45.2835
38.3038 47.0134 47.5797
38.9901 48.0677 49.8593
39.531 48.9744 52.0736
39.9629 49.6773 54.5924
40.5161 50.7179 57.6349
41.1724 51.9902 61.5155
41.8847 53.4078 66.7532
41.5639 53.4272 68.7709
38.9392 47.403 44.47
39.4048 48.0848 45.5008
39.4984 48.2784 46.0916
39.2662 48.028 46.2477
38.8616 47.5244 46.1201
38.1644 46.6769 45.4708
37.0376 45.1628 43.8801
37.7929 46.2427 45.9761
38.5257 47.4096 48.2226
39.1834 48.4006 50.6745
39.5914 49.1031 52.9092
40.0452 49.9384 55.6648
40.5644 50.9926 58.9214
41.2699 52.3816 63.6492
41.4495 53.053 68.3478
40.6395 52.3957 68.2054
37.1941 44.992 41.0228
37.6628 45.6591 41.9745
38.157 46.3928 43.1733
39.1103 47.7579 45.3154
38.7884 47.4504 45.587
38.5274 47.1535 45.8951
37.7321 46.1572 45.2023
38.3215 47.0892 47.2296
38.9263 48.0142 49.6123
39.3182 48.7174 51.8605
39.6637 49.3816 54.5078
40.0712 50.2346 57.8605
40.5916 51.358 62.4247
41.0454 52.5683 67.2765
40.4276 52.2245 67.8693
40.1804 52.443 68.3643
37.4199 45.0442 38.6132
37.4058 45.0782 39.0715
37.4404 45.1748 39.7794
37.8995 45.9573 41.5529
38.7208 47.2057 44.0532
39.035 47.8192 46.0939
38.5069 47.2569 46.6775
38.9216 48.0039 49.2135
39.1388 48.548 51.6784
39.2505 48.9691 54.4353
39.5874 49.8642 58.1935
39.7684 50.6096 62.7425
39.412 50.6602 66.3911
38.9751 50.6179 66.4569
39.0736 51.3442 67.3598
39.3809 52.3137 68.3786
38.3899 48.335 39.3505
38.4917 48.4812 39.4926
38.6738 48.7427 39.7415
38.9611 49.1576 40.1694
39.3539 49.7301 40.8272
39.7196 50.3102 42.1786
38.8744 49.5283 47.7006
37.9499 48.7306 53.3392
36.9737 47.951 59.0321
36.2964 47.5657 63.3298
36.5489 48.2507 64.0856
36.9561 49.1605 64.9813
37.5953 50.4408 66.3849
38.8245 52.574 68.2532
39.8119 54.3109 69.8212
40.2434 55.2126 70.9063
38.9029 51.7974 41.5431
38.9282 51.94 41.6871
38.9614 52.1953 41.9398
38.9761 52.6096 42.3516
38.879 53.2118 42.9108
38.3743 54.0378 43.5829
36.7705 54.7697 45.3234
36.0351 54.1118 51.2133
36.1238 53.0499 55.7753
36.4021 52.5705 59.0524
37.0238 52.8615 61.8705
37.7421 53.6783 64.7678
38.5393 54.6418 67.0577
39.4579 56.0472 69.871
40.7835 57.843 71.974
41.9949 59.5195 73.7428
39.6232 55.7634 44.1891
39.6143 55.8937 44.3518
39.5692 56.1602 44.5442
39.4725 56.5617 44.9462
39.2223 57.1475 45.4853
38.5997 57.9429 46.1454
37.2307 56.9562 46.7664
36.8441 56.8718 50.2013
36.895 56.0395 53.4449
36.4698 54.4429 54.9399
37.2631 55.0638 58.4977
37.8701 55.5501 61.3466
38.8226 56.6541 64.4597
39.9081 58.111 67.6915
40.7993 59.3102 70.3032
41.571 60.4656 72.8044
40.4927 60.1912 47.2621
40.4438 60.3402 47.3491
40.3826 60.5607 47.6335
40.1701 60.8408 47.8948
39.5842 60.0956 47.9411
38.765 59.0344 47.9228
37.7134 57.7252 47.8857
37.6167 57.805 50.213
37.5878 57.9465 52.9071
36.9337 56.2383 53.603
36.9686 55.6478 55.3858
37.5602 56.107 58.1386
38.859 57.833 62.1824
39.5741 58.6273 64.7743
40.5282 59.8782 67.6987
42.0831 62.2175 71.8243
40.4319 61.3738 48.9131
40.394 61.3919 49.0411
40.297 61.341 49.2175
39.8072 60.5051 48.8172
39.4365 60.0857 48.9257
38.8256 59.2718 48.8193
38.0335 58.2575 48.6508
37.2208 57.2953 48.786
38.6838 59.4671 53.5971
37.5173 57.6598 53.2071
37.2339 56.8189 54.2676
37.613 56.9587 56.4371
38.6881 58.3399 59.9706
39.6753 59.6139 63.1864
41.1342 61.6899 67.2222
41.4863 61.9823 68.8628
40.1028 61.0781 49.5484
40.0798 61.0966 49.6592
40.0357 61.0531 49.854
39.7276 60.6362 49.6642
39.4107 60.1981 49.655
38.8673 59.4403 49.3797
38.1816 58.4228 49.0112
37.8605 58.184 49.6883
38.5697 59.19 52.4947
39.0347 59.8772 54.9022
38.0627 58.5312 54.6578
37.6912 57.644 55.2547
38.4473 58.5464 58.0465
39.3217 59.6721 61.0058
40.7301 61.6688 64.9316
41.861 63.2521 68.2162
39.9731 61.067 50.1553
39.9578 61.0837 50.2486
39.7124 60.6459 49.9428
39.649 60.6103 50.1686
39.33 60.1693 50.0037
39.0069 59.7029 49.9864
38.7201 59.2211 50.1804
38.962 59.6453 51.6404
39.2332 60.152 53.3028
39.6002 60.7161 55.2148
38.4963 59.2324 54.4102
38.6735 59.5185 56.1334
38.6754 59.3812 57.3921
39.7481 60.8374 60.6592
40.4982 61.8036 63.227
41.6303 63.41 66.517
39.8533 60.9427 50.5155
39.8428 60.9569 50.5934
39.824 60.9822 50.7331
39.5245 60.4963 50.3761
39.2808 60.1381 50.2618
38.8881 59.5917 49.9704
39.8012 60.7428 52.4306
39.9179 60.9245 53.3964
40.2869 61.5295 54.9955
40.6689 62.0674 56.6552
40.8696 62.5064 58.1304
39.7493 61.0951 57.1921
40.312 61.9901 59.4958
39.6588 61.1242 59.5446
40.3708 61.9071 61.8121
41.7281 63.8895 65.5075
39.6908 60.7612 50.6203
39.6831 60.7732 50.686
39.6693 60.7946 50.8035
39.4405 60.3961 50.5383
39.3517 60.2719 50.6739
39.6354 60.6896 51.6792
40.9286 62.3136 54.757
41.4769 63.0365 56.4105
41.003 62.561 56.1957
41.7612 63.5778 58.403
41.5739 63.4515 58.9167
42.0211 64.0415 60.6127
41.551 63.6009 60.8115
40.8722 62.8531 60.7212
40.9262 62.9184 61.8606
41.4733 63.5844 63.799
39.5735 60.6033 50.706
39.5676 60.613 50.7613
39.557 60.6303 50.8604
39.6342 60.6876 51.1943
40.2293 61.469 52.6673
41.0845 62.5119 54.703
42.0343 63.8481 57.027
42.5002 64.4524 58.4001
42.2174 64.1721 58.4046
42.5585 64.6865 59.6921
43.0443 65.335 61.2731
42.4902 64.761 61.0354
42.3922 64.7166 61.6915
42.0032 64.3164 61.9081
41.8752 64.2571 62.6669
41.7711 64.1323 63.4223
43.6501 53.7207 52.477
43.3259 53.3443 52.3968
42.6238 52.4549 51.7684
41.9009 51.5519 51.1209
41.342 50.8675 50.6936
40.0909 49.2404 48.9233
39.0391 47.8278 47.3855
37.6058 45.8801 45.0269
38.7183 47.4729 47.6466
39.6509 48.8131 50.0958
40.5417 50.1947 52.6244
41.41 51.4697 55.4352
42.1382 52.6464 58.1725
42.7868 53.6918 61.196
43.4798 54.8903 64.7292
44.1121 56.0497 68.7599
43.1621 53.0725 51.7033
42.8265 52.6555 51.5125
42.2473 51.9459 51.0565
41.8931 51.5244 51.0068
41.031 50.443 50.0616
39.7992 48.8423 48.336
39.0913 47.9327 47.4661
37.7245 46.0476 45.249
38.8272 47.6352 47.8733
39.7632 48.9937 50.3552
40.7291 50.3745 53.1644
41.5305 51.689 55.7707
42.2622 52.885 58.5471
42.9093 53.9413 61.6109
43.5948 55.1485 65.1588
44.2133 56.3042 69.2083
42.1884 51.7627 50.051
42.1358 51.7437 50.2829
41.9659 51.5669 50.4364
41.4863 50.9833 50.1595
40.9693 50.3375 49.8048
40.2395 49.439 49.0502
39.3703 48.3283 47.9459
38.1115 46.6285 45.991
39.0307 47.9443 48.2999
39.9244 49.2464 50.752
40.9346 50.7346 53.7006
41.6581 51.8507 56.326
42.3612 53.0132 59.1813
42.9816 54.0807 62.2728
43.6067 55.2137 65.876
44.3221 56.5574 70.3635
41.3276 50.6141 48.4414
41.4964 50.8785 48.9719
41.492 50.9284 49.3701
41.1176 50.4969 49.279
40.8264 50.1782 49.359
40.3153 49.5604 49.0402
39.5377 48.5514 48.1692
38.4815 47.1557 46.6904
39.3921 48.4772 49.0718
40.3487 49.8704 51.7761
41.1631 51.1383 54.4179
41.8276 52.1302 57.1508
42.476 53.2634 60.0388
43.0052 54.1843 63.2864
43.5932 55.3075 67.1266
44.0994 56.4771 70.9049
39.5178 48.1158 45.0304
40.1656 49.0313 46.2771
40.8623 50.0493 47.802
41.035 50.3718 48.6646
40.8591 50.2 49.013
40.3299 49.5589 48.7816
40.0398 49.2783 48.9747
39.0695 47.9904 47.8088
39.9168 49.2713 50.2321
40.7815 50.5642 52.9497
41.5354 51.7725 55.7069
42.1378 52.7501 58.5536
42.589 53.5471 61.5434
43.0475 54.4859 64.8883
43.8053 55.9319 69.8167
43.8662 56.67 71.283
38.2485 46.3176 42.0365
38.541 46.7824 42.7733
39.317 47.8949 44.3452
39.9956 48.8412 45.9291
41.0704 50.4202 48.5145
40.8743 50.2956 49.1915
40.5703 49.9929 49.6535
40.0393 49.3734 49.669
40.6973 50.3855 52.1047
41.3751 51.5351 54.8409
41.8514 52.3047 57.6546
42.2677 53.1413 60.6302
42.6713 54.0679 63.8878
43.2944 55.382 68.4319
43.004 55.4614 70.1502
43.5818 57.0643 71.8052
40.2676 48.5954 40.1491
40.2397 48.6078 40.6656
40.2729 48.6779 41.4381
40.0948 48.7076 42.9071
40.3337 49.2499 44.9046
41.2902 50.6494 47.9512
41.5605 51.283 50.481
41.1084 50.887 51.721
41.4983 51.6518 54.7354
41.7427 52.3634 57.6417
41.8083 52.6806 61.0167
42.0993 53.552 65.1919
42.3272 54.4952 69.0279
42.0106 54.6712 69.498
42.3051 55.736 70.7009
42.9193 57.2122 72.1034
40.7819 52.1268 42.1274
40.8754 52.2632 42.2816
41.0458 52.5112 42.5414
41.3126 52.902 42.9945
41.6917 53.4593 43.6365
42.1929 54.1983 44.4689
42.2483 54.4541 47.3497
41.4981 53.8197 52.9752
40.6875 53.1805 58.7259
39.8344 52.5577 64.5561
39.6169 52.6782 67.4813
39.9925 53.4936 68.3082
40.4803 54.4914 69.4028
41.1112 55.685 70.5305
41.9787 57.2712 72.257
43.4734 59.7854 74.5927
41.4159 56.0921 44.7433
41.4481 56.2263 44.8902
41.4983 56.4693 45.1414
41.5565 56.8639 45.5485
41.5761 57.4294 46.1225
41.4334 58.1912 46.8437
40.7353 59.2047 47.6091
39.6223 59.4238 51.2933
38.9537 58.8898 57.2393
39.0071 57.7562 61.6112
39.4735 57.6129 65.2866
40.1699 58.0057 68.2068
40.9922 58.9154 71.0882
42.0147 60.0168 73.0147
43.2629 61.6267 75.1575
44.6236 63.4631 77.1689
42.2147 60.5297 47.738
42.2131 60.6538 47.893
42.1943 60.8948 48.1121
42.1472 61.2652 48.5282
41.9948 61.8318 49.013
41.5596 62.2096 49.6182
40.559 61.0793 50.1877
39.5161 59.8025 51.3192
39.3456 60.0157 54.8052
39.0587 59.5251 57.8714
39.4766 59.3687 61.0946
40.4688 60.3151 65.005
41.1721 60.9657 68.0253
42.152 62.1055 71.1521
43.2283 63.5659 74.4019
44.1793 64.747 76.8071
42.7911 64.1788 50.8344
42.5414 63.8475 50.5122
42.4655 63.8904 50.7368
42.0506 63.1367 50.6541
41.695 62.7197 50.9116
41.1079 62.0626 51.0037
40.1217 60.618 50.6386
39.7974 60.3107 52.0132
40.0722 60.9118 54.8849
39.8175 60.8367 56.9766
39.4286 60.3033 58.759
40.1525 60.8677 61.9321
40.8975 61.5669 64.9296
42.2181 63.3212 68.96
42.9186 64.1142 71.5266
43.8426 65.3283 74.3908
41.9573 63.2588 51.3774
41.9339 63.2803 51.4934
41.6712 62.8698 51.25
41.4202 62.5574 51.2184
41.0694 62.1102 51.1988
40.7458 61.7168 51.4813
39.9041 60.507 50.9116
40.3367 61.1397 53.2083
40.6196 61.7339 55.4043
41.0599 62.4673 58.0076
40.4001 61.7683 58.7154
40.1373 61.4902 60.2079
40.9476 62.3294 63.1907
41.9966 63.7396 66.7086
42.9697 64.9938 69.8523
44.1714 66.6064 73.2448
41.4853 62.9245 51.7794
41.4698 62.9446 51.878
41.2046 62.4816 51.5564
40.9486 62.0496 51.4011
40.8813 62.0436 51.8092
40.33 61.2438 51.365
39.7648 60.4275 51.0783
41.0692 62.2048 54.7728
41.4439 62.8012 56.6802
41.8487 63.4223 58.7314
41.945 63.7004 60.3249
41.4022 63.2157 60.9403
41.0092 62.7653 61.8178
41.7196 63.6532 64.493
42.4893 64.8419 67.4726
43.8925 66.7196 71.177
41.0377 62.3719 51.8004
41.02 62.2843 51.8682
41.0017 62.3135 52.0149
40.7042 61.8809 51.6826
40.4337 61.4773 51.5371
40.0863 60.9709 51.3664
40.7284 61.8398 53.3753
42.1682 63.7215 57.0496
42.4514 64.223 58.5057
42.7598 64.7478 60.1015
43.149 65.3055 61.8795
41.9064 63.8792 60.8355
42.4301 64.6637 63.0612
41.8975 64.056 63.4596
43.0994 65.772 66.9312
43.4631 66.5968 69.2336
40.7831 62.1274 51.9511
40.7755 62.1409 52.02
40.5257 61.6743 51.6317
40.4797 61.6153 51.7746
40.1704 61.147 51.4615
40.6327 61.7464 52.8567
41.783 63.2946 55.7404
43.1153 65.0624 59.0184
43.2503 65.3294 59.9784
43.6437 65.9613 61.5371
44.0356 66.4845 63.0907
44.2117 66.8924 64.396
42.9763 65.3954 63.1636
43.5051 66.1814 65.2065
42.7053 65.2333 64.9609
43.2503 66.1087 67.1696
40.5428 61.8004 51.948
40.5369 61.8113 52.0055
40.5264 61.8307 52.1084
40.3827 61.5405 51.9902
41.0169 62.3092 53.5624
41.8749 63.5196 55.6838
42.674 64.632 57.7376
44.0489 66.3754 60.9475
44.6177 67.2072 62.6262
44.1481 66.6804 62.3362
44.9022 67.742 64.4805
44.6774 67.5509 64.8238
45.0959 68.055 66.3238
44.5199 67.5248 66.256
43.7352 66.5994 65.8217
43.3557 66.1951 66.1854
45.1757 55.8421 55.038
44.8156 55.3528 54.7652
44.5301 55.0808 54.8684
43.8816 54.1765 54.2587
43.2172 53.3594 53.7021
42.2968 52.1836 52.6034
41.4867 51.1472 51.6158
40.1202 49.2994 49.4843
39.1221 47.9715 47.9785
40.289 49.675 50.7378
41.5331 51.477 53.8311
42.6038 53.0034 56.8109
43.6073 54.5209 59.8696
44.4725 55.7925 63.0038
45.3811 57.2863 66.4278
46.2204 58.7096 70.0851
44.8122 55.3327 54.4316
44.4833 54.906 54.1953
44.2177 54.5543 54.1691
43.5497 53.7323 53.6199
42.8325 52.8376 52.9518
42.2692 52.1495 52.4979
41.3967 51.019 51.4047
40.1573 49.3476 49.5307
39.2561 48.16 48.2318
40.4156 49.8617 50.9971
41.6403 51.5521 54.1038
42.6561 53.0726 56.9796
43.7292 54.7329 60.1938
44.595 56.0153 63.3625
45.3596 57.2343 66.6176
46.1748 58.6138 70.3314
44.1757 54.4131 53.2677
43.9339 54.1343 53.1717
43.6646 53.8542 53.1822
43.5714 53.7554 53.5182
42.972 53.0341 53.0789
42.3732 52.293 52.5838
41.5256 51.2184 51.5826
40.7061 50.1392 50.544
39.5028 48.5109 48.7
40.6477 50.2049 51.4756
41.8614 51.8962 54.6048
42.8776 53.4388 57.5271
43.8703 54.8718 60.7428
44.6953 56.2252 63.7725
45.5693 57.6509 67.3018
46.3698 59.0337 71.0405
42.9458 52.7515 51.1044
43.554 53.6151 52.3407
43.4314 53.5116 52.5395
43.1675 53.2299 52.6232
42.9101 52.9487 52.757
42.1084 51.9325 51.937
41.8452 51.6654 52.0541
40.9247 50.4548 50.8925
40.0856 49.372 49.8227
41.1229 50.8453 52.4654
42.1682 52.3846 55.3268
43.1747 53.924 58.3234
44.1328 55.3486 61.559
44.9319 56.66 64.6844
45.76 58.0285 68.2944
46.4926 59.3377 72.0605
42.3081 51.8561 49.6694
42.629 52.3322 50.4155
42.9821 52.8844 51.3822
43.0693 53.0937 52.0735
42.8004 52.7867 52.213
42.6356 52.6474 52.5939
42.1439 52.0873 52.4111
41.6096 51.418 52.0826
40.6919 50.233 50.9816
41.6922 51.7012 53.6749
42.6757 53.1668 56.5565
43.7111 54.6981 59.851
44.4666 55.8608 62.8845
45.191 57.0862 66.1253
45.9376 58.4292 69.7371
46.4924 59.5351 73.3328
40.6196 49.5555 46.358
41.2617 50.4095 47.4723
41.8573 51.2945 48.8051
42.7897 52.6429 50.8555
43.0094 53.0496 51.9527
42.9348 53.0462 52.6292
42.5398 52.6129 52.7803
42.3763 52.5133 53.3533
41.7286 51.7089 52.9792
42.4716 52.8167 55.4013
43.4276 54.2919 58.5062
44.2007 55.4904 61.5714
44.8455 56.5344 64.7569
45.4478 57.6411 68.1444
46.0258 58.7996 71.8372
46.5259 60.2456 74.1547
40.0249 48.5879 43.8564
40.639 49.4622 44.9934
41.0811 50.1102 46.0581
41.5623 50.8525 47.4583
42.4759 52.1768 49.7123
43.5272 53.7613 52.538
43.4204 53.7779 53.6137
43.211 53.6455 54.5206
42.7867 53.2049 55.0161
43.4737 54.339 57.798
44.1756 55.4796 60.9375
44.7265 56.5144 64.0369
45.1864 57.3884 67.4755
45.4835 58.0779 71.1101
45.829 59.3493 73.117
46.6743 61.4404 75.2549
42.3768 52.1578 43.8562
42.4551 52.2384 44.1588
42.5399 52.3507 44.7832
42.7069 52.5491 45.7406
42.8693 52.7962 47.1821
43.2678 53.4312 49.4032
44.2365 54.7669 52.7016
44.544 55.3553 55.6647
44.1483 55.1539 57.6539
44.4497 55.836 61.095
44.641 56.5038 64.5461
44.7676 57.0854 68.2591
44.8044 57.7454 71.2924
45.2383 59.2437 73.0618
45.7934 60.7723 74.6334
46.174 61.8807 75.8832
43.5027 56.4669 45.4422
43.591 56.5968 45.5947
43.7479 56.8282 45.8663
44.0118 57.2159 46.2708
44.3728 57.7504 46.8973
44.8478 58.4559 47.7196
45.4455 59.3454 48.729
45.1243 59.1918 53.2613
44.4498 58.6756 58.9794
43.725 58.1574 64.825
42.9603 57.6488 70.7599
43.2366 58.329 72.2029
43.6187 59.1219 73.1296
44.1668 60.1658 74.2062
44.8227 61.3748 75.4485
45.7251 62.9748 77.1249
44.2336 60.8902 48.4192
44.2693 61.0173 48.5607
44.3294 61.2542 48.7828
44.4102 61.6283 49.1734
44.4865 62.1579 49.7415
44.4953 62.8759 50.4393
44.2786 63.7818 51.3049
43.512 64.4336 53.0286
42.8559 64.1483 57.9351
42.2337 63.8775 63.6233
42.2874 63.0331 68.1342
42.8881 63.0295 71.7791
43.5403 63.4711 74.8403
44.7046 64.5315 77.0524
45.9904 65.9269 78.866
47.1692 67.3803 80.5621
45.0721 65.7229 51.6913
45.0751 65.8389 51.8387
45.0705 66.0606 52.0581
45.049 66.4086 52.4488
44.7667 66.2972 52.8291
44.252 65.7522 53.3086
43.3868 64.6071 53.5827
42.3136 63.2427 53.8936
43.0138 64.3753 58.3373
42.9439 64.7263 61.5266
42.6093 64.5211 64.3664
42.8716 64.8214 67.9143
43.8903 65.8399 71.8334
44.4289 66.1683 74.3391
45.5696 67.6546 77.9182
46.8435 69.0919 80.6296
44.4411 66.3345 53.5551
44.227 65.9209 53.3558
44.186 65.9677 53.5746
43.9327 65.5814 53.6364
43.4362 64.8743 53.3931
43.1334 64.5291 53.8412
42.3657 63.5203 53.5755
41.9258 62.9836 54.3349
43.3771 64.995 59.1793
43.7302 65.7223 61.9114
43.5032 65.6868 63.7247
43.2259 65.487 65.5473
43.568 66.3165 68.7836
44.3188 67.0102 71.6816
45.6997 68.8881 75.7976
46.2563 69.5338 78.1762
43.2271 64.8288 53.3662
43.2129 64.8531 53.4703
43.1648 64.7364 53.6536
42.8952 64.3364 53.4974
42.6031 63.9974 53.456
42.2952 63.6784 53.5876
41.7458 62.8062 53.4315
42.3865 63.7914 55.9689
43.92 65.8432 60.3706
44.2637 66.4945 62.4732
44.2637 66.6372 64.0051
43.6872 66.0886 64.6686
43.728 66.2908 66.5298
44.3781 67.4368 69.6406
45.0651 68.3356 72.3892
46.2678 70.1468 76.178
42.5889 64.2089 53.491
42.3725 63.8142 53.1492
42.3553 63.8521 53.3047
42.2864 63.821 53.4774
41.9963 63.4064 53.3233
41.7073 62.8943 53.3246
41.834 63.0516 54.3447
43.1308 64.8013 57.8945
44.58 66.8363 61.7845
45.0068 67.4547 63.6339
45.4328 68.1142 65.5596
45.5236 68.3717 66.942
44.4603 67.2276 66.4398
44.4274 67.3343 67.8423
45.0119 68.3488 70.4616
45.7445 69.469 73.2074
41.9907 63.5411 53.2462
41.9835 63.5576 53.319
41.7361 63.0506 52.9563
41.7159 63.0979 53.1685
41.6742 63.0439 53.4469
41.7328 62.9994 54.04
42.6614 64.3902 56.5723
44.0308 66.1754 60.0307
45.5654 68.1436 63.8009
45.8543 68.7396 65.205
46.1186 69.1433 66.5646
46.574 69.7629 68.3091
45.2249 68.2562 66.9599
45.7054 68.979 68.9422
45.0581 68.2732 69.028
46.2033 69.9594 72.2986
41.6732 63.1385 53.3241
41.6677 63.1506 53.3843
41.6577 63.1722 53.4919
41.36 62.7248 53.0669
41.8682 63.3326 54.4255
42.6885 64.4945 56.5189
43.444 65.5619 58.5396
44.7143 67.2443 61.644
46.3113 69.2438 65.3683
46.4462 69.57 66.2835
46.8475 70.1939 67.7637
47.2242 70.6907 69.1814
47.3552 71.0492 70.2964
46.0218 69.3908 68.7356
45.8417 69.2825 69.4192
45.5423 69.0125 69.9575
46.6581 58.059 57.7372
46.2675 57.3612 57.1485
45.9583 57.0205 57.1311
45.8031 56.7149 57.2741
44.9935 55.6898 56.4882
44.2038 54.709 55.6874
43.4887 53.8168 54.9385
42.8572 53.0149 54.2713
41.9008 51.7654 52.9382
40.8252 50.322 51.3052
42.1641 52.2393 54.4505
43.3922 54.0195 57.5485
44.7467 55.9684 61.13
45.9496 57.7275 64.6527
46.9621 59.2426 68.0517
47.9745 60.8779 71.6659
46.4059 57.6517 57.2487
46.0457 57.0093 56.7037
45.7311 56.7119 56.7098
45.6792 56.5401 56.9943
44.9279 55.6023 56.3103
44.065 54.5195 55.3803
43.397 53.6871 54.7209
42.9717 53.1875 54.4594
41.931 51.8078 52.9758
40.9684 50.5255 51.5784
42.2992 52.4363 54.7259
43.6555 54.3534 58.1217
44.8717 56.1699 61.4264
46.0714 57.9319 64.9675
47.0818 59.454 68.3875
48.0891 61.0919 72.0157
45.9008 56.8132 56.1901
45.5721 56.5653 56.119
45.7163 56.5232 56.3976
45.1454 55.9499 56.116
45.0748 55.8053 56.4534
44.5755 55.2187 56.1914
43.8499 54.3129 55.4697
42.95 53.1535 54.3559
42.0587 51.9854 53.1847
41.2299 50.8962 52.0781
42.5249 52.7582 55.1889
43.887 54.7056 58.6344
45.0521 56.3848 61.9114
46.2396 58.1462 65.4911
47.1859 59.5816 68.8507
48.1583 61.18 72.4831
45.1622 56.0061 55.1248
45.5499 56.393 55.7527
45.2811 56.1132 55.7153
45.1319 55.9712 55.9481
44.6759 55.2858 55.5881
44.5267 55.1537 55.9293
43.8406 54.2943 55.3073
43.4755 53.8876 55.2414
42.7673 52.9975 54.4908
41.8555 51.819 53.2907
42.937 53.3534 56.0385
44.2677 55.289 59.4878
45.419 56.986 62.8042
46.5017 58.5964 66.2553
47.5261 60.206 69.8414
48.3486 61.5154 73.3656
44.7308 55.1315 53.7483
44.429 54.875 53.64
45.1825 55.9289 55.1791
44.9925 55.8183 55.449
44.6615 55.3473 55.3499
44.4429 55.0462 55.5185
44.0969 54.6719 55.5747
43.9842 54.6031 56.0372
43.1991 53.5916 55.2215
42.4755 52.6984 54.4813
43.5398 54.2282 57.2962
44.8097 56.0351 60.7602
45.89 57.7052 64.0496
46.9319 59.2271 67.6257
47.789 60.6376 71.0112
48.6581 62.0679 74.8301
43.4694 53.3784 51.1673
44.0548 54.2221 52.3172
44.3671 54.7491 53.2319
44.8038 55.5699 54.6508
45.0168 55.7346 55.3615
44.973 55.7501 55.9966
44.7847 55.5931 56.4481
44.5379 55.3658 56.8118
44.1281 54.8915 56.8531
43.3364 53.9043 56.1381
44.415 55.468 59.1575
45.4669 57.0039 62.3782
46.5717 58.7295 65.9587
47.4103 60.0348 69.326
48.1783 61.3354 72.8199
48.2319 61.6149 74.9796
42.4077 51.8495 48.4924
43.2259 52.9858 49.9239
43.3359 53.1825 50.4513
44.0046 54.1616 52.035
45.1623 55.9211 54.747
45.4101 56.4609 56.1478
45.321 56.2955 56.7716
45.2234 56.2865 57.6249
45.0529 56.1788 58.3705
44.6265 55.7293 58.6379
45.4255 56.9576 61.4019
46.3945 58.4518 64.7807
47.2468 59.7844 68.2628
47.9197 60.9682 71.6327
48.2329 61.5954 74.6547
48.9775 63.6923 76.8846
42.5032 51.9153 46.6705
42.6178 52.3104 47.5625
42.9328 52.575 47.9572
43.5342 53.6034 49.7712
44.2836 54.8193 51.9461
45.215 56.2071 54.4556
46.3349 57.8079 57.4516
46.4323 57.8657 58.8316
46.29 57.8667 60.198
45.9379 57.5739 61.1777
46.6209 58.7226 64.3188
47.3295 59.9428 67.8227
47.8279 60.8749 71.2565
48.1412 61.6604 74.5053
48.7724 63.6278 76.6504
49.5318 65.6207 78.7321
44.6037 56.092 48.5562
44.7133 56.2026 48.7531
44.9437 56.4177 49.053
45.1445 56.656 49.8401
45.3453 56.9453 51.0858
45.6457 57.3426 52.6637
46.1829 58.1152 55.0247
47.193 59.5298 58.5108
47.819 60.0265 61.5795
47.5233 59.828 64.2653
47.686 60.4842 68.0743
47.8009 61.0096 72.1219
47.9085 62.0856 74.9321
48.2858 63.6573 76.6498
49.0038 65.5355 78.551
49.3741 66.6411 79.874
46.5281 61.3166 49.1842
46.6116 61.4402 49.3289
46.7592 61.6593 49.5901
47.0093 62.0286 49.9735
47.3496 62.5351 50.5758
47.7564 63.1529 51.512
48.2553 63.9175 52.7035
48.7428 64.7091 54.4959
48.272 64.4055 59.7799
47.6492 63.9702 65.5632
46.9793 63.5285 71.468
46.5045 63.3425 76.3796
46.9588 64.2096 77.3214
47.3501 64.9885 78.3001
47.9117 66.0228 79.3836
48.5474 67.1797 80.652
47.308 66.1351 52.404
47.3443 66.2534 52.5396
47.4057 66.4642 52.7815
47.4958 66.8093 53.1648
47.6002 67.3079 53.692
47.6815 67.969 54.3788
47.6602 68.781 55.2878
47.1875 69.0048 56.7508
46.318 68.1413 59.5107
46.375 68.8382 65.0274
45.8525 68.7625 70.0136
45.7352 68.5249 74.9092
46.3808 68.6132 78.5185
47.4181 69.1538 80.7354
48.7188 70.3327 82.5686
49.9446 71.7295 84.3415
47.5861 69.8951 55.5536
47.564 69.9214 55.6722
47.3599 69.5673 55.7507
47.1281 69.2905 55.8711
46.8777 68.9666 56.3336
46.424 68.4356 56.5702
45.7739 67.5711 56.8195
44.9252 66.5164 56.989
45.3752 67.3239 60.4172
46.6228 69.1633 65.5847
46.6466 69.5843 68.4411
46.3063 69.4849 70.8807
46.5379 70.0389 74.3429
47.3556 71.3708 78.6528
47.8785 71.6777 81.0373
49.1847 73.1066 84.1013
45.7861 67.8983 55.8598
45.774 67.9258 55.9703
45.752 67.976 56.1697
45.5086 67.5937 56.1466
45.2494 67.2449 56.2668
44.7566 66.6571 56.0442
44.2489 65.8271 56.1568
44.1526 65.8097 57.3328
45.3951 67.5627 61.5424
46.9893 69.7946 66.4222
47.403 70.6013 68.9825
46.8932 70.1053 69.8913
46.8771 70.36 71.961
47.2621 71.1792 74.8603
47.8099 72.1646 77.974
49.1666 74.0667 81.9804
44.5657 66.6836 55.519
44.3247 66.1499 55.198
44.3105 66.1944 55.365
44.0894 65.8115 55.269
44.0204 65.7622 55.6232
43.7371 65.4296 55.6687
43.5145 65.0859 56.0483
44.4006 66.3371 58.9448
45.8371 68.3046 63.0308
47.4612 70.5625 67.4645
47.8395 71.2479 69.4383
47.8531 71.3452 70.734
47.2146 70.7552 71.0751
47.2152 70.9124 72.6293
47.8606 72.0231 75.4525
48.4524 72.9883 78.0768
43.6054 65.3814 55.0834
43.5992 65.4009 55.1597
43.5882 65.436 55.2968
43.3149 65.0091 54.9887
43.0757 64.681 54.8678
43.1054 64.8148 55.4532
43.8609 65.7319 57.7271
44.9564 67.289 60.775
46.2959 69.1212 64.35
47.9813 71.3886 68.5957
48.4172 72.0561 70.3501
48.8601 72.671 72.1213
48.928 72.8694 73.2691
47.7662 71.6122 72.42
47.6658 71.6182 73.5053
48.207 72.5436 75.8242
42.9452 64.7397 54.7334
42.8971 64.6322 54.7126
42.8881 64.6584 54.8275
42.6062 64.1925 54.4502
42.9945 64.8236 55.6012
43.8828 65.8568 57.9089
44.5921 66.8843 59.8926
45.7592 68.4226 62.8728
46.9037 70.007 65.8351
48.4944 72.1982 69.7054
49.0922 73.0002 71.5546
49.3273 73.4258 72.7759
49.7643 73.9883 74.3386
48.907 73.1144 73.7426
48.7331 72.9924 74.3986
47.978 72.1351 74.1388
48.1051 60.3778 60.5844
47.7102 59.6931 59.9599
47.5097 59.3093 59.8332
47.2934 58.8739 59.773
47.1477 58.5279 59.9109
46.4606 57.684 59.3424
46.0904 57.2653 59.2844
44.5875 55.2954 57.0893
44.5152 55.2697 57.4773
43.8479 54.4352 56.7225
42.7153 52.9262 55.0099
44.2007 55.0127 58.4933
45.5489 56.9214 61.8894
46.9058 58.8652 65.5159
48.2177 60.7907 69.2816
49.5758 62.8966 73.3561
47.9127 60.0676 60.2139
47.5415 59.4266 59.6268
47.5961 59.4381 59.9656
47.1426 58.6548 59.4543
46.9859 58.3224 59.5858
46.1722 57.3013 58.782
45.9895 57.1252 59.0486
45.4003 56.4058 58.553
44.5361 55.2965 57.4867
43.929 54.547 56.8606
42.8664 53.1361 55.2996
44.3414 55.2156 58.7795
45.6848 57.1241 62.1841
47.0356 59.0688 65.8173
48.3419 60.993 69.5933
49.6911 63.0966 73.6686
47.632 59.639 59.6756
47.2434 59.0358 59.1173
47.4343 59.2659 59.6908
47.1229 58.7157 59.4318
46.7381 58.0011 59.0678
46.6498 57.9468 59.5227
46.047 57.2116 59.0681
45.5033 56.5481 58.6713
44.8832 55.7902 58.097
44.0845 54.7609 57.1275
43.139 53.516 55.8227
44.5942 55.5821 59.2948
45.9279 57.4882 62.714
47.2666 59.4338 66.3574
48.562 61.3545 70.1502
49.8014 63.1828 74.1369
46.8883 58.5283 58.2406
47.1859 58.9587 58.9225
47.0787 58.7106 58.8787
46.9513 58.4506 58.9483
46.9327 58.3519 59.3193
46.2956 57.4847 58.748
45.773 56.8562 58.4419
45.7561 56.9151 59.0297
45.1186 56.1276 58.4597
44.3262 55.1117 57.5451
43.8007 54.4859 57.1118
45.0103 56.1869 60.1478
46.3247 58.0856 63.5865
47.7401 60.1229 67.4744
48.9908 61.9482 71.2909
50.1294 63.7725 75.0507
46.1996 57.4306 56.7009
46.6631 58.2557 57.8654
46.9372 58.595 58.5092
46.9085 58.5682 58.8343
46.7555 58.2659 58.9207
46.6297 57.9449 59.0843
46.3671 57.6673 59.2847
46.0476 57.3201 59.3867
45.8229 57.108 59.6558
45.2428 56.3836 59.2288
44.4311 55.3697 58.3265
45.6129 57.0658 61.3934
47.0115 59.0534 65.1152
48.2639 60.9556 68.752
49.4321 62.6431 72.538
50.4904 64.3524 76.2745
45.7859 56.7838 55.545
46.2325 57.5337 56.6035
46.2618 57.6021 56.9189
46.9229 58.6376 58.5313
46.9393 58.5382 58.8653
46.8283 58.4201 59.266
46.678 58.0919 59.5042
46.6485 58.1395 60.2075
46.0493 57.4263 59.8882
45.894 57.3063 60.3702
45.2876 56.5698 59.9809
46.4297 58.1801 63.1061
47.7372 60.0802 66.8074
48.8573 61.794 70.3598
49.9818 63.5823 74.1626
50.4156 64.2743 76.8219
45.2707 56.084 54.1027
45.0424 55.7248 53.7991
45.6249 56.6093 55.0853
46.5111 58.0793 57.2466
47.0483 58.9389 58.768
47.3329 59.2369 59.7092
47.459 59.2789 60.4758
47.2829 59.001 60.923
47.2914 59.1295 61.8867
47.0676 58.9367 62.4418
46.6126 58.4559 62.5617
47.4435 59.6799 65.2823
48.5914 61.4361 68.8768
49.6943 63.0397 72.7221
50.5951 64.559 76.3373
50.2514 64.3693 77.2159
44.2496 54.5783 51.2636
44.9337 55.7822 52.93
44.9087 55.7099 53.056
45.5285 56.6932 54.6122
46.3072 57.8482 56.4847
47.661 59.9865 59.7366
48.1234 60.577 61.2264
48.195 60.5249 62.0991
48.2847 60.5871 63.2607
48.2463 60.5623 64.3886
47.8936 60.2477 65.0479
48.7075 61.4983 68.1115
49.6644 62.9818 71.7566
50.5181 64.5141 75.383
50.2785 64.3222 76.9274
51.1736 66.8172 79.4999
45.0078 56.0111 51.1192
44.9817 56.0643 51.463
45.1836 56.2563 51.8129
45.5238 56.8183 52.9535
46.0301 57.6877 54.6629
47.1249 59.4767 57.6129
48.1096 60.8989 60.1889
49.2928 62.6337 63.4023
49.5222 62.692 64.8518
49.66 62.6241 66.5324
49.4132 62.3728 68.0058
50.0372 63.5084 71.4294
50.6847 64.6816 75.1947
50.5716 64.9632 77.3097
51.2537 67.2125 79.6752
52.1788 69.602 82.0975
47.3894 60.6445 53.3248
47.4866 60.7509 53.5076
47.5821 60.8873 53.9755
47.7226 61.0996 54.7545
48.0726 61.4918 55.6193
48.4141 61.9256 56.968
48.8133 62.439 58.7113
49.3977 63.1928 61.0527
50.4131 64.7575 64.9326
51.1292 65.2834 68.131
51.1543 64.852 71.4168
51.1563 65.3649 75.6762
50.9533 66.2732 78.39
51.3971 68.2651 80.5277
52.0208 70.1046 82.4372
52.5792 71.5702 84.0877
49.6586 66.4042 53.7981
49.7299 66.5119 53.9572
49.8561 66.7032 54.2421
49.9365 66.8555 55.1553
50.2189 67.2888 55.8344
50.5912 67.8621 56.7211
51.0571 68.5824 57.818
51.6187 69.4541 59.123
52.1418 70.3182 61.0657
51.5952 69.9399 66.7206
50.997 69.5426 72.5284
50.3502 69.1292 78.4441
50.2427 69.3336 81.7528
50.7142 70.1994 82.688
51.2435 71.161 83.7473
51.6221 71.8874 84.6534
50.5669 71.6858 56.6726
50.6021 71.7941 56.8012
50.6624 71.9869 57.0304
50.7547 72.3067 57.382
50.867 72.7523 57.9126
50.9817 73.3572 58.5618
50.9516 73.8463 59.5204
50.2309 72.9159 60.8863
49.5416 72.2509 62.6655
49.5576 72.6046 66.8896
49.9816 73.665 72.2955
49.5719 73.681 76.4782
49.3777 73.9561 81.4326
50.1835 74.1831 84.6733
51.3857 74.8232 86.3412
52.6374 76.0388 88.0568
49.0512 71.7167 58.4046
49.0429 71.7467 58.522
49.028 71.8017 58.7343
48.8083 71.448 58.8851
48.5778 71.133 59.1871
48.3527 71.0019 59.5507
47.9101 70.3935 59.9644
47.2806 69.5858 60.2056
47.7052 70.2376 63.2073
48.7901 71.9273 67.6997
50.1396 74.0092 72.7051
50.3428 74.4194 75.3306
49.9876 74.353 77.2926
50.2421 75.0231 80.4406
51.1035 76.5215 84.5844
51.3718 76.9301 87.1557
47.2044 69.7307 58.3612
47.1986 69.757 58.4607
46.9712 69.4087 58.2031
46.9554 69.4933 58.4979
46.7072 69.1183 58.5485
46.2214 68.2948 58.3194
45.7489 67.7753 58.1473
46.39 68.656 60.7937
47.4562 70.2408 64.4106
48.8135 72.1463 68.6538
50.5127 74.5903 73.5261
50.9805 75.3863 75.8863
50.4564 74.7773 76.3922
50.4049 75.0315 78.123
50.7971 75.8219 80.6713
51.3306 76.8182 83.4933
45.6166 67.8075 57.2813
45.6123 67.8305 57.3632
45.6044 67.8719 57.5104
45.3538 67.5564 57.2347
45.0861 67.0962 57.1226
44.8515 66.7513 57.1962
45.6483 67.8631 59.6959
46.4871 69.0961 62.3469
47.6395 70.6533 65.7253
49.1526 72.8187 69.8536
50.8517 75.164 74.2876
51.246 75.8374 76.1032
51.2544 75.8537 77.1394
50.5497 75.1631 77.1274
50.7545 75.6132 78.8341
51.0975 76.3095 80.8926
44.5757 66.646 56.5902
44.5718 66.6636 56.6585
44.5203 66.5329 56.7152
44.5088 66.5854 56.9133
44.6163 66.6872 57.5126
45.1097 67.3798 59.0436
46.0539 68.5779 61.6437
46.8831 69.7182 64.0241
48.0514 71.4029 67.1621
49.4477 73.362 70.7775
51.1819 75.7194 75.0251
51.613 76.3887 76.6537
52.0362 76.9727 78.2492
52.0581 77.0971 79.1556
50.8114 75.6598 77.936
50.627 75.5516 78.7037
49.5927 62.7678 63.5274
49.1498 62.0523 62.828
49.3827 62.3422 63.4757
49.2039 61.9509 63.4074
48.464 60.638 62.2891
48.415 60.4575 62.6238
47.5445 59.1716 61.5293
47.4681 59.1275 61.9741
46.8626 58.3883 61.4399
46.4777 57.9395 61.2768
45.6806 56.8959 60.2881
44.8001 55.7558 59.1047
46.4061 58.0144 62.8831
47.8948 60.1458 66.6096
49.3506 62.2524 70.4686
50.848 64.4582 74.6396
49.4465 62.5371 63.2538
49.0197 61.8599 62.5904
49.2567 62.1549 63.2276
49.088 61.7788 63.1606
48.8966 61.3297 63.1014
48.239 60.1794 62.2271
48.1791 60.1234 62.6912
47.6251 59.36 62.2306
46.8683 58.394 61.4146
46.5266 58.0051 61.3433
45.7836 57.0372 60.4709
44.9537 55.9698 59.4006
46.5489 58.2192 63.173
48.0307 60.3453 66.9023
49.4784 62.4501 70.7619
50.9665 64.6518 74.9304
49.2347 62.2148 62.8532
48.8324 61.591 62.2409
49.0232 61.7186 62.6464
48.9086 61.4095 62.6453
48.8094 61.2652 62.9259
48.2518 60.2025 62.1644
48.2436 60.22 62.7258
47.585 59.3007 62.0764
46.7218 58.2205 61.0959
46.6263 58.139 61.4848
46.2508 57.7244 61.3597
45.2295 56.3545 59.9324
46.8044 58.5869 63.6931
48.273 60.7026 67.4265
49.7059 62.803 71.2865
51.1029 64.799 75.3356
48.8701 61.5368 61.9536
48.8751 61.6559 62.2519
48.7684 61.43 62.2002
48.555 61.015 62.0287
48.4698 60.7845 62.1832
48.4945 60.6969 62.5997
48.0 59.844 62.1086
47.9719 59.9088 62.7124
47.6067 59.4431 62.6451
46.9685 58.6228 62.0639
46.5537 58.1415 61.8972
45.6826 56.9863 60.8073
47.2243 59.1867 64.551
48.6671 61.2859 68.2845
50.0736 63.3772 72.1426
51.4457 65.361 76.1961
48.11 60.4489 60.4937
48.6978 61.3094 61.6651
48.4795 61.1063 61.6396
48.7306 61.3989 62.308
48.6992 61.2458 62.5322
48.2874 60.4636 62.0695
48.4431 60.6199 62.8369
48.0311 60.0192 62.6554
47.7466 59.6656 62.7706
47.665 59.6198 63.2877
46.9715 58.7575 62.6481
46.5395 58.2505 62.4863
47.8276 60.0511 65.7916
49.2094 62.0162 69.4932
50.5532 64.043 73.3204
51.8619 65.9466 77.3566
48.1404 60.5609 60.3794
48.0848 60.4423 60.3419
48.4566 61.1035 61.3598
48.5473 61.2541 61.8402
48.608 61.1685 62.1233
48.6398 61.15 62.5892
48.8613 61.3475 63.4244
48.7831 61.1682 63.8438
48.6485 60.9668 64.258
48.3461 60.5377 64.3981
48.1079 60.3056 64.734
47.3883 59.4305 64.1302
48.6272 61.2034 67.4527
49.9485 63.1327 71.1511
51.3397 65.1664 75.2471
52.3495 66.7758 78.7374
47.3223 59.3461 58.4774
47.6804 59.888 59.2386
48.1339 60.6405 60.3556
48.3384 61.0213 61.1236
49.08 62.1205 62.8529
49.0647 61.9333 63.1062
49.3214 62.2584 64.0966
49.2634 62.0164 64.492
49.4107 62.1834 65.4637
49.0515 61.5252 65.4939
48.9856 61.5378 66.2901
48.468 60.9284 66.2251
49.6257 62.656 69.5597
50.9467 64.6411 73.4414
52.1113 66.3874 77.2588
52.1598 66.6395 78.8199
46.4444 58.0785 56.2825
46.7866 58.6301 57.0623
47.6323 59.9602 58.8603
48.0216 60.5575 59.8766
48.9748 62.0758 62.1411
49.7797 63.2082 64.0223
49.87 63.2637 64.713
50.1811 63.6522 65.9304
50.1983 63.475 66.595
50.4321 63.6225 67.8346
50.3692 63.4684 68.7427
49.9837 63.0971 69.1958
50.8201 64.3523 72.1464
51.9533 66.0857 75.9431
52.5382 67.053 78.8279
52.4134 67.5414 79.8661
46.482 58.1841 55.2428
46.933 58.8986 56.2185
46.8845 58.9487 56.5815
47.5535 60.097 58.3416
48.2922 61.2494 60.1552
49.1121 62.4279 62.0879
50.5147 64.6425 65.4809
51.119 65.3066 67.0866
51.2862 65.4295 68.2244
51.5406 65.4843 69.5433
51.7515 65.3744 71.0265
51.4446 65.1401 72.0466
52.2233 66.3744 75.3337
53.1232 67.9297 79.1054
52.7306 67.9488 79.9813
53.4769 70.2884 82.4338
47.7845 60.5438 56.0966
47.7887 60.6057 56.3885
47.9002 60.7623 56.7862
48.0303 60.9961 57.4819
48.4921 61.7124 58.8432
49.3452 62.9512 60.8984
50.2155 64.541 63.8112
51.2668 66.0413 66.5133
52.5322 67.8181 69.815
52.8803 67.9392 71.4328
53.1764 67.8188 73.3332
53.1102 67.4581 75.302
53.6301 68.5259 78.9514
53.3697 69.0179 80.7303
53.8427 71.0991 82.9915
54.6017 73.2945 85.3201
50.242 65.4525 58.8152
50.3289 65.554 58.98
50.3923 65.6691 59.4462
50.6463 65.9607 59.9252
50.8064 66.2363 60.9682
51.1897 66.7081 62.0533
51.6192 67.2526 63.5163
52.1001 67.8656 65.3664
52.7714 68.7043 67.7939
53.8962 70.2794 71.6843
54.6649 70.7495 75.0167
54.9204 70.0737 78.8768
54.3084 70.7255 82.0898
54.3193 72.5207 84.1862
54.8744 74.4613 86.2969
55.5279 76.1907 88.1473
52.8386 71.6346 59.1064
52.9046 71.735 59.2493
53.0221 71.9141 59.5035
53.2127 72.2048 59.9147
53.2841 72.3641 61.2121
53.6447 72.9177 61.9565
54.0954 73.611 62.8833
54.6375 74.4469 63.9932
55.1144 75.2351 65.7965
55.5338 75.9921 68.2103
54.9857 75.6162 73.8644
54.3843 75.2121 79.6476
53.7301 74.7787 85.5191
54.0171 75.4251 87.3374
54.3766 76.0973 88.184
54.8666 76.974 89.1601
53.9323 77.4114 61.0993
53.9651 77.5091 61.2183
54.0215 77.6826 61.432
53.8569 77.4535 61.7881
53.8341 77.5641 62.3174
53.4916 77.0848 63.0069
53.1503 76.6812 63.8967
52.654 76.0398 64.9589
51.9749 75.2617 65.7635
52.2944 76.0676 69.6013
52.7914 77.0803 74.242
53.546 78.5253 79.5105
53.2298 78.5603 82.8894
53.2166 79.073 87.2579
54.0681 79.5771 90.2757
55.2183 80.2885 91.7113
50.7175 74.0539 61.5882
50.7156 74.0833 61.6954
50.4851 73.6188 61.6989
50.4807 73.7078 62.0139
50.0877 73.1338 61.751
49.8717 72.8886 62.0814
49.4523 72.3109 62.2411
49.3332 72.1937 63.3837
50.0594 73.3657 66.675
50.9305 74.704 70.4014
52.1254 76.4994 74.8157
53.6275 78.7645 79.7557
53.8461 79.2527 82.0449
53.507 79.0512 83.4765
53.8045 79.7233 86.1809
54.7211 81.3402 90.0521
48.4905 71.3731 60.6959
48.2738 71.0406 60.3154
48.2709 71.0874 60.4731
48.266 71.165 60.7329
48.0226 70.7839 60.7032
47.7935 70.5491 60.7619
47.8827 70.567 61.9122
48.6377 71.7223 64.5826
49.4851 72.8921 67.5826
50.6376 74.5737 71.2371
52.0821 76.6006 75.4708
53.885 79.112 80.3059
54.3513 79.9605 82.4331
53.787 79.23 82.5421
53.6922 79.418 83.9058
54.0675 80.1435 86.0898
46.8043 69.3944 59.2962
46.8019 69.4138 59.3689
46.5424 68.9042 59.0305
46.536 68.9611 59.2427
46.5739 69.0503 59.6951
47.0391 69.7682 61.2295
47.614 70.59 63.1336
48.5927 71.9306 66.0204
49.4776 73.1453 68.7228
50.6961 74.7971 72.1436
52.2694 77.0614 76.2787
54.0333 79.422 80.6737
54.4761 80.1929 82.4271
54.3459 80.1335 83.093
53.6181 79.1899 82.6707
53.7413 79.5973 84.0934
51.1246 65.2354 66.5742
50.7123 64.4917 65.8027
50.9152 64.6612 66.262
50.6696 64.3105 66.194
50.5056 63.9414 66.1868
50.4391 63.6883 66.3923
49.6786 62.3683 65.2991
49.7719 62.4613 65.9735
48.8829 61.147 64.8098
48.7692 60.9553 65.1181
48.4289 60.5895 65.0733
47.9672 60.0155 64.7617
47.0486 58.81 63.5368
48.7495 61.2267 67.5615
50.3878 63.533 71.6427
51.9572 65.7914 75.7854
51.0197 65.068 66.3769
50.6209 64.3551 65.6357
50.8281 64.533 66.0928
50.5929 64.1977 66.0302
50.4344 63.8359 66.0202
50.3718 63.5845 66.2206
50.1342 63.119 66.1837
49.726 62.4258 65.8692
48.8907 61.1561 64.7865
49.1808 61.5405 65.8726
48.5019 60.6883 65.1892
48.0776 60.1675 64.9615
47.2012 59.0244 63.8326
48.8916 61.4294 67.8501
50.5206 63.7276 71.9275
52.0803 65.9809 76.0653
50.867 64.8365 66.0921
50.7329 64.5888 65.9172
50.7004 64.3553 65.8445
50.3713 63.8721 65.5782
50.2533 63.5846 65.6395
50.2216 63.412 65.9156
50.2583 63.354 66.3865
49.522 62.1408 65.42
49.4657 61.9861 65.811
49.2439 61.6229 65.9327
48.64 60.875 65.4105
48.2789 60.4443 65.3259
47.4745 59.4081 64.3624
49.1455 61.7919 68.3665
50.7572 64.0749 72.4365
52.2989 66.3186 76.5649
50.5714 64.2209 65.2803
50.5837 64.387 65.6239
50.4766 64.1787 65.5662
50.301 63.7169 65.2977
50.4054 63.8974 65.911
50.0925 63.2642 65.5974
50.1183 63.1842 66.031
49.5159 62.1667 65.3168
49.691 62.3092 66.1268
49.3743 61.8145 66.0929
49.1962 61.6532 66.4103
48.9014 61.3394 66.5044
47.9211 60.0352 65.229
49.5588 62.383 69.2102
51.1379 64.6446 73.2597
52.6518 66.8668 77.3776
50.1554 63.7402 64.612
50.4707 64.0946 65.139
50.2774 63.8878 65.0812
50.5375 64.2719 65.8342
50.5084 63.9729 65.8428
50.5244 64.0348 66.3606
50.3985 63.7202 66.4903
50.3213 63.486 66.7773
49.9457 62.8068 66.5436
49.4661 61.9442 66.1333
49.7008 62.3601 67.2773
49.3784 61.991 67.3647
48.801 61.3102 66.9572
50.1496 63.2296 70.4217
51.6583 65.3575 74.4031
53.0896 67.4644 78.436
49.7835 63.157 63.7024
49.9177 63.4019 64.1083
50.544 64.2684 65.3288
50.3993 64.153 65.4624
50.4562 64.0469 65.6766
50.5031 64.0025 66.0641
50.5977 64.1446 66.7405
50.8362 64.3688 67.6171
50.7072 64.0214 67.8482
50.6401 63.7488 68.2578
50.4662 63.4222 68.5952
49.9936 62.8718 68.4819
49.6307 62.4627 68.5694
50.9287 64.3503 72.0319
52.3719 66.4306 75.9816
53.7451 68.4897 79.9989
49.3919 62.6222 62.7429
49.79 63.2336 63.5803
50.2199 63.9413 64.6172
50.6069 64.572 65.6476
50.7887 64.8343 66.3058
50.8954 64.8762 66.7747
51.1063 65.0911 67.5497
51.2762 65.2064 68.2943
51.4921 65.3552 69.1865
51.4567 65.0151 69.6136
51.4738 64.8235 70.3134
51.3168 64.7 70.9263
50.6762 63.9152 70.6045
51.9273 65.7206 74.1132
53.2429 67.6551 77.9634
53.6527 68.3566 80.0926
48.6694 61.5328 60.9235
48.9807 62.043 61.6425
49.7101 63.261 63.3098
50.2347 64.0831 64.5607
50.8774 65.0343 66.0544
51.6328 66.2428 67.9771
51.6922 66.2047 68.4386
52.0927 66.6567 69.6185
52.2144 66.6292 70.326
52.4864 66.7918 71.4223
52.2946 66.196 71.7252
52.3787 66.2152 72.8315
51.9363 65.6695 73.0631
53.0773 67.3996 76.5611
54.3587 69.3634 80.5554
53.5677 68.3254 80.3226
48.7419 61.8741 60.665
49.2494 62.6922 61.7551
49.1623 62.5691 61.7722
49.941 63.7203 63.3836
50.4544 64.5561 64.7657
51.7911 66.6505 67.7759
52.6782 67.8564 69.7797
52.8754 68.0158 70.6348
53.0725 68.1621 71.6028
53.4851 68.5254 73.0252
53.7475 68.6451 74.3398
53.848 68.4585 75.519
53.5927 68.0488 76.3279
54.3911 69.2836 79.4399
54.3587 69.4444 80.9813
54.6676 71.0267 82.8653
48.7577 61.931 59.4551
49.2603 62.6937 60.4392
48.9526 62.372 60.3798
49.9765 63.8187 62.2536
50.6367 65.1454 64.4565
51.4721 66.3547 66.3411
52.2309 67.4866 68.2979
53.752 69.7269 71.7358
54.3851 70.5342 73.5928
54.6605 70.6492 74.8024
54.977 70.761 76.299
55.2478 70.6748 77.9613
55.1737 70.2523 79.4253
55.338 70.6976 81.7545
55.2748 71.8377 83.3677
55.8528 73.9923 85.7041
50.6959 65.3866 61.5868
50.6748 65.4322 61.8874
50.7964 65.5904 62.2256
50.9721 65.8363 62.8003
51.223 66.1859 63.6175
51.547 66.642 64.7011
52.6105 68.3056 67.4254
53.6489 69.9705 70.3502
54.7382 71.4936 73.1597
56.0443 73.2442 76.5293
56.4351 73.377 78.3123
56.7733 73.239 80.4032
56.8912 72.6848 82.8083
56.3008 73.2844 84.4198
56.504 75.1689 86.5874
57.0697 77.1783 88.7618
53.2592 70.5177 64.5863
53.3366 70.6121 64.7348
53.4753 70.7801 65.0
53.5924 70.9712 65.638
53.8162 71.2848 66.4375
54.1758 71.7381 67.3846
54.4582 72.1878 68.8555
54.9563 72.8161 70.3948
55.4954 73.4953 72.311
56.2632 74.3927 74.7468
57.5466 75.9161 78.5286
57.9217 75.6288 81.226
58.359 75.3565 85.8857
57.418 76.9115 88.018
57.6141 78.6483 90.019
58.2406 80.4904 92.0341
56.1202 77.047 64.4816
56.1797 77.138 64.6109
56.2864 77.3012 64.8388
56.4638 77.5715 65.1923
56.5279 77.7146 66.3648
56.8613 78.2256 67.0145
57.2777 78.8645 67.8253
57.778 79.6335 68.7992
58.3617 80.5321 69.9345
58.8275 81.315 71.874
58.907 81.6625 75.3743
58.3338 81.2489 80.979
57.7032 80.7951 86.6866
57.1403 80.438 91.9125
57.5838 81.2228 92.8089
57.8662 81.752 93.5223
55.7888 80.1859 65.3759
55.7895 80.208 65.4946
55.4291 79.5665 65.4528
55.4351 79.64 65.8016
55.4442 79.7525 66.3126
55.1013 79.2381 66.6938
54.7594 78.7646 67.2777
54.4461 78.4098 68.0615
54.1967 78.1499 69.5419
54.7558 79.2785 73.1164
55.2327 80.2186 76.918
55.9215 81.4251 81.3557
56.9792 83.1998 86.4637
56.7181 83.2495 89.0506
56.8963 83.9066 92.7242
57.791 84.6541 95.4308
51.994 75.6821 64.2904
51.995 75.7068 64.3865
51.9969 75.7517 64.5591
51.6146 75.1536 64.0629
51.6247 75.2792 64.4782
51.3798 74.8808 64.7658
51.0104 74.4055 64.7497
51.5515 75.2416 67.2909
52.2561 76.2781 70.373
53.0617 77.5484 73.6446
53.9857 78.9221 77.2395
55.2893 80.8526 81.5762
56.9213 83.2414 86.4156
57.1591 83.7187 88.3242
56.7762 83.4434 89.257
57.0785 84.094 91.5366
49.4837 72.7331 62.2614
49.4838 72.7557 62.3406
49.1979 72.1131 62.1307
49.1997 72.1826 62.3563
49.1044 72.0903 62.5096
49.5016 72.6448 64.0617
50.0572 73.5066 66.0182
50.727 74.5848 68.3048
51.4805 75.6015 70.9746
52.3684 76.9322 73.9065
53.5702 78.6455 77.5396
55.1163 80.8175 81.8221
56.9859 83.3605 86.5807
57.4595 84.1488 88.4562
56.8143 83.3409 88.1894
56.6686 83.4175 89.1763
52.7377 67.7693 69.7022
52.5872 67.4936 69.4915
52.4576 67.2227 69.3742
52.1578 66.6857 69.0301
52.0835 66.3266 69.005
51.8957 66.019 69.081
51.8413 65.7842 69.3134
51.7696 65.5511 69.5749
51.2177 64.5707 68.9171
51.2392 64.3989 69.3663
50.7944 63.7077 69.0527
50.3038 63.0966 68.7247
50.0696 62.8264 68.8791
49.4323 62.0711 68.2569
51.2426 64.5919 72.5503
52.9415 66.9966 76.8065
52.6635 67.6557 69.5708
52.5204 67.3955 69.3733
52.4 67.141 69.2669
52.1682 66.5956 68.9038
52.0429 66.2711 68.9078
51.8587 65.9682 68.9826
51.6803 65.5985 69.0224
51.9498 65.85 69.9071
51.2236 64.5774 68.8909
51.4497 64.7611 69.7732
50.8555 63.7894 69.1396
50.3982 63.224 68.8844
50.5306 63.5027 69.7795
49.5821 62.2817 68.5486
51.3816 64.7892 72.8326
53.0692 67.1859 77.0795
52.5569 67.5037 69.3876
52.4259 67.2651 69.2075
52.3186 67.0343 69.1163
52.1045 66.5167 68.7697
52.222 66.7017 69.3784
51.7032 65.7747 68.6704
51.7966 65.8044 69.2081
51.9203 65.8066 69.7836
51.7943 65.4301 69.9264
51.5017 64.831 69.8102
51.3631 64.5007 70.058
51.1188 64.2637 70.2538
50.7369 63.787 70.1576
49.8496 62.6579 69.0695
51.6294 65.1411 73.3368
53.2961 67.5236 77.5658
52.2959 66.9551 68.6703
52.334 67.1541 69.0411
52.0844 66.7102 68.6689
52.2672 66.9266 69.2085
52.3418 66.9288 69.571
52.2252 66.6441 69.6478
52.104 66.3247 69.7426
51.7263 65.593 69.3702
52.0263 65.8615 70.333
51.4196 64.7733 69.5986
51.55 64.7499 70.3247
51.3803 64.6182 70.6919
51.0788 64.2575 70.7845
50.285 63.2702 69.9182
52.0315 65.7131 74.157
53.6632 68.0713 78.3559
51.9145 66.5075 68.0657
52.3996 67.3101 69.1587
52.0949 66.7104 68.5711
52.3499 66.9851 69.1625
52.2347 66.8508 69.3328
52.2187 66.7079 69.5664
52.2713 66.6304 69.9575
52.4537 66.7789 70.6898
51.9517 65.8271 70.0999
52.2716 66.1427 71.1802
52.1361 65.6933 71.3908
52.0701 65.6319 71.9553
51.5799 64.9449 71.7025
51.1868 64.5371 71.6893
52.6038 66.5288 75.3291
54.183 68.8504 79.4829
51.6683 66.1972 67.5508
52.0607 66.7935 68.37
52.5111 67.5194 69.4207
52.2647 67.0632 69.0849
52.4956 67.3456 69.7477
52.5288 67.2738 70.0525
52.2827 66.764 69.8833
52.4382 66.8729 70.5555
52.7504 67.1761 71.5583
52.6683 66.9025 71.8835
52.3505 66.1239 71.7149
52.7201 66.6046 73.1145
52.5153 66.2739 73.4611
51.9871 65.6532 73.2503
53.355 67.6033 76.8769
54.8609 69.8735 80.9686
51.681 66.2453 67.3713
51.9335 66.6508 67.954
51.8458 66.4223 67.7982
52.7531 67.8158 69.74
52.7042 67.778 70.0047
52.8008 67.8348 70.4525
52.9469 67.9365 71.0369
53.226 68.1913 71.9031
53.4294 68.3717 72.7465
53.6008 68.4 73.5192
53.6547 68.2408 74.1552
53.621 67.9659 74.7323
53.3103 67.4031 74.916
52.9889 67.0508 75.2074
54.286 68.9418 78.8122
55.0199 70.0294 81.4249
51.6286 66.2812 67.069
51.8806 66.6618 67.6084
51.8472 66.5765 67.6315
52.7304 67.9403 69.5198
53.1812 68.6232 70.6593
53.4451 68.9785 71.4739
53.6325 69.1579 72.1516
54.0273 69.6052 73.2579
54.0424 69.4273 73.6831
54.4338 69.8622 74.9731
54.5924 69.8313 75.8285
54.7013 69.7147 76.713
54.7246 69.5299 77.6
54.1899 68.7271 77.5581
55.3822 70.5456 81.1226
55.1075 70.2362 81.7872
51.0693 65.4758 65.545
51.6074 66.3558 66.7087
51.372 65.9719 66.3702
52.1527 67.1667 68.0322
53.0834 68.5885 70.0647
53.7805 69.6015 71.6844
54.4899 70.6584 73.4634
54.7611 70.9523 74.3876
55.1902 71.428 75.6514
55.4417 71.6034 76.6652
55.7802 71.8589 77.9378
55.6366 71.3559 78.398
55.9176 71.2644 79.7639
55.8285 71.0833 80.7991
55.9954 71.4159 82.4946
55.7667 71.8228 83.3792
51.2731 66.0263 65.4795
51.1833 65.8785 65.375
51.2523 65.992 65.6531
52.3132 67.5953 67.7763
52.5898 68.0198 68.6011
53.5858 69.5303 70.8267
54.762 71.2466 73.398
55.903 72.931 76.0737
56.1679 73.1711 77.083
56.4601 73.3775 78.1989
56.9464 73.7808 79.7737
57.2479 73.9383 81.2392
57.4564 73.6882 82.6125
57.3024 73.181 83.7044
56.5268 72.637 83.8211
56.9821 74.7398 86.1748
51.3592 66.1847 64.2677
51.4399 66.2741 64.4236
51.6515 66.5869 64.9349
52.4683 67.935 66.8592
52.7822 68.3827 67.7135
53.6049 69.8227 70.0205
54.8494 71.6968 72.7967
55.674 72.8666 74.8446
57.2378 75.0993 78.3427
57.7469 75.6338 79.9557
57.3801 74.7325 79.9968
57.4435 74.4077 81.0571
57.7573 74.2595 82.84
57.8696 74.0681 84.8131
57.8657 75.9143 86.9887
58.2494 77.879 89.1741
53.6577 70.4134 67.4833
53.7134 70.4928 67.6622
53.8543 70.6554 67.9281
54.0307 70.8915 68.4277
54.2198 71.1971 69.2134
54.5166 71.6214 70.1907
54.8621 72.1392 71.4384
56.0205 73.8824 74.2341
57.2393 75.5921 77.0963
58.1398 76.7107 79.4798
58.2596 76.529 80.587
58.2476 76.0196 81.6982
58.7872 76.8667 84.8015
59.3831 77.6735 88.2683
59.2024 79.3468 90.3403
59.5374 81.1438 92.3776
56.3825 75.7339 70.4407
56.4564 75.8241 70.563
56.5887 75.9843 70.7814
56.6861 76.1519 71.3684
56.8886 76.4395 72.0786
57.1985 76.8471 72.9393
57.627 77.3764 73.9621
58.0989 77.966 75.3024
58.5673 78.5804 77.0371
58.7746 78.7243 78.453
59.4655 79.8499 81.6641
59.898 80.4834 84.5263
60.3938 81.0628 87.7961
60.8787 81.3982 91.7889
60.4053 82.8526 93.8266
60.744 84.486 95.679
59.4909 82.5955 69.53
59.5452 82.6783 69.6408
59.6419 82.8257 69.8383
59.7988 83.0649 70.1583
59.8288 83.1564 71.3012
59.8993 83.26 71.8476
59.9893 83.3987 72.5746
60.1138 83.6009 73.5306
60.2962 83.9096 74.7724
60.577 84.3996 76.4199
60.8238 84.9355 79.179
61.6465 86.4343 82.8968
61.5377 86.6634 87.8422
60.856 86.1226 93.4263
60.5329 85.9941 97.2215
60.9092 86.6566 98.0135
56.6986 81.3118 68.5191
56.7028 81.333 68.6258
56.7105 81.3715 68.8174
56.7233 81.4365 69.1328
56.7423 81.5344 69.5919
56.3919 80.9855 69.739
56.4355 81.1882 70.549
56.1404 80.813 71.0965
56.3033 81.0604 73.7077
56.9204 82.2512 76.782
57.4094 83.0688 80.2582
58.006 84.1425 83.8262
58.8626 85.5214 88.0406
60.1871 87.5632 92.9658
59.9563 87.6004 94.7744
60.2803 88.3668 97.7825
52.9391 76.8675 66.2029
52.9418 76.8893 66.2877
52.9466 76.9288 66.4399
52.7126 76.5162 66.3509
52.7251 76.6134 66.7109
52.7257 76.6601 67.3037
53.105 77.1772 69.2456
53.5346 77.8818 71.1977
54.17 78.895 73.7727
54.9566 80.0651 76.8584
55.8274 81.4069 80.0883
56.8199 82.8703 83.5871
58.2037 84.9048 87.8153
59.9424 87.3335 92.5255
60.1755 87.787 94.0481
59.7318 87.4202 94.4946
54.4306 70.3761 72.9198
54.2853 70.1134 72.7099
54.1627 69.8601 72.5906
54.1766 69.8149 72.8277
54.2398 69.7936 73.1792
54.0613 69.3998 73.1297
53.841 68.9134 73.0146
53.267 67.8708 72.2337
53.2464 67.7036 72.583
53.3837 67.7076 73.223
52.6467 66.42 72.2138
53.1049 66.9965 73.6269
52.692 66.3564 73.4032
52.6306 66.3163 73.9275
51.9397 65.4916 73.2382
53.8407 68.0865 77.761
54.3847 70.3058 72.841
54.2454 70.0554 72.6419
54.1308 69.8156 72.5321
54.1488 69.78 72.7718
54.214 69.7626 73.1188
54.1608 69.5795 73.3235
54.0433 69.2682 73.4194
53.84 68.8111 73.3722
53.2585 67.7219 72.5732
53.4101 67.7443 73.2403
52.7037 66.505 72.2966
53.1755 67.0991 73.7398
52.9481 66.7657 73.9041
52.7509 66.4828 74.1508
52.0854 65.6946 73.5227
53.9742 68.276 78.0326
54.3217 70.2193 72.7401
54.1924 69.9869 72.5558
53.9097 69.4949 72.1225
54.1139 69.7447 72.7014
54.1332 69.6012 72.8797
54.1328 69.5521 73.2362
54.0228 69.2473 73.3332
54.0885 69.2048 73.8078
53.2785 67.8257 72.6135
53.6598 68.205 73.732
53.7775 68.2321 74.4215
53.4683 67.6095 74.3121
53.1225 67.0126 74.2105
52.9669 66.7811 74.5518
52.3453 66.0565 74.0299
54.2118 68.6136 78.5165
54.2712 70.165 72.6622
54.1546 69.9546 72.4964
53.8935 69.4992 72.0942
54.2381 69.9749 72.9353
54.0546 69.6011 72.8016
54.0002 69.3973 72.9504
53.9981 69.2894 73.2738
54.0289 69.1862 73.6619
54.1085 69.1648 74.1974
53.7402 68.4119 73.8609
53.9219 68.4422 74.6166
53.6812 67.9242 74.6584
53.4137 67.424 74.7222
53.6614 67.7722 75.8887
52.7669 66.6438 74.8535
54.5967 69.1607 79.3017
54.081 69.8431 72.2076
54.2839 70.2005 72.7443
53.9356 69.5804 72.1212
54.2064 69.9099 72.7607
53.9935 69.5642 72.6428
54.0279 69.4435 72.8812
54.014 69.3439 73.1999
54.0006 69.1964 73.518
54.4003 69.6433 74.6561
54.4207 69.495 75.0985
54.3216 69.1024 75.3185
54.3388 68.982 75.8927
54.3495 68.8208 76.4982
54.1525 68.4477 76.7967
53.3671 67.4801 76.0269
55.1426 69.9383 80.4193
53.506 68.9823 71.0369
53.9439 69.6568 71.9494
54.4492 70.4843 73.1192
54.1809 70.004 72.7361
54.4342 70.3259 73.4265
54.6101 70.4808 73.9865
54.7191 70.5478 74.5049
54.813 70.5633 75.0242
54.8786 70.5264 75.5368
54.8616 70.2462 75.8466
54.9455 70.2281 76.508
55.0758 70.1465 77.2408
55.1329 70.1152 78.0034
54.8119 69.3528 78.0138
54.4344 68.9739 78.1292
55.8437 70.9755 81.8661
53.7642 69.4358 71.4109
53.6382 69.2021 71.191
54.353 70.3592 72.7579
54.8381 71.1282 73.9178
54.788 70.9656 73.99
54.7577 70.8222 74.1612
54.899 70.8986 74.682
55.058 71.0389 75.3491
55.3422 71.308 76.2608
55.6654 71.6469 77.3316
55.6939 71.4525 77.8325
55.4081 70.8514 77.8417
55.9296 71.3204 79.4489
55.8929 70.9069 80.0589
55.3863 70.3041 79.9945
56.2616 71.6021 82.7463
53.973 69.8752 71.6768
53.9868 69.8683 71.7319
54.5435 70.7179 72.898
54.4142 70.4716 72.785
55.5037 72.21 75.2157
55.5252 72.1503 75.4813
55.5996 72.1598 75.909
55.9067 72.4781 76.804
56.2484 72.8281 77.8279
56.1742 72.5282 78.1138
56.7759 73.239 79.7908
56.9189 73.1481 80.5978
56.9526 72.9206 81.3293
56.7917 72.2798 81.7467
56.5154 71.8978 82.2142
56.3838 71.7914 83.0387
53.0814 68.5618 69.6516
53.5956 69.3475 70.6734
54.4699 70.7138 72.468
54.7034 71.0475 73.0638
55.6246 72.4498 75.055
56.1313 73.1941 76.3205
56.5626 73.7858 77.4768
56.8124 74.0246 78.2779
57.2201 74.4725 79.439
57.2141 74.2491 79.859
57.6549 74.7162 81.2623
57.6753 74.4594 81.8913
57.6965 74.1719 82.6364
57.733 73.8347 83.5362
57.3144 73.0119 83.7642
56.7967 72.6673 83.9893
53.1211 68.7883 69.3595
53.5638 69.4907 70.2851
54.1159 70.3242 71.4037
54.5069 70.9169 72.3125
55.2751 72.0753 73.9862
56.2583 73.5354 76.1137
56.997 74.6014 77.8566
57.3481 75.004 78.8712
57.5839 75.1803 79.7091
57.7674 75.2576 80.5393
57.8469 75.1024 81.2167
57.8644 74.8648 81.9255
57.7357 74.2135 82.369
57.8058 73.8758 83.439
57.7527 73.6695 84.6022
58.0054 75.5438 86.7162
53.4042 69.4608 69.3634
53.4641 69.5202 69.4782
54.0039 70.3473 70.5841
54.5086 71.1202 71.7065
55.1366 72.0399 73.0669
55.9579 73.2871 74.9406
56.7702 74.4444 76.7772
57.581 75.57 78.6895
57.8667 75.8281 79.6519
57.6571 75.2942 79.7583
57.4521 74.7381 79.9709
57.9544 75.1358 81.6006
57.8438 74.5437 82.2181
58.5002 75.2333 84.6906
59.0392 76.6947 87.5012
59.2942 78.6194 89.6774
54.0914 70.7368 69.5365
54.168 70.8262 69.6843
54.59 71.5206 70.681
54.722 71.6914 71.069
55.304 72.6223 72.5119
56.0918 73.8239 74.3312
56.8183 74.8218 75.9408
58.3014 77.0591 79.2353
57.9236 76.2781 78.9552
58.4128 76.7859 80.3904
58.4926 76.6165 81.1866
58.5413 76.7164 82.484
59.2082 77.7628 85.1
59.8578 78.876 87.8906
60.4777 80.0675 90.7886
60.6232 81.835 92.8048
56.8133 75.6144 73.3425
56.8895 75.7007 73.4675
56.9494 75.8125 73.7931
57.1702 76.06 74.1583
57.3362 76.3324 74.8727
57.6879 76.7562 75.6532
58.0254 77.2311 76.7582
58.5006 77.8244 78.0277
58.9037 78.4476 79.6688
59.2955 79.1348 81.5832
59.7369 79.9057 83.7003
60.2086 80.7506 86.0141
60.7262 81.6604 88.5084
61.2757 82.6146 91.1864
61.9438 83.5176 94.1886
61.9493 85.1186 96.0395
59.5779 80.8823 75.4768
59.5964 80.8923 75.5308
59.6298 80.9104 75.6291
59.5291 80.7968 76.0205
59.6123 80.845 76.2509
59.5472 80.724 76.6915
59.6003 80.7539 77.3325
59.3706 80.3644 77.7648
59.5743 80.6294 78.9956
60.2868 82.0565 82.4641
60.9986 83.4223 85.7327
61.8297 84.9765 89.2336
62.259 85.7136 91.6671
62.7366 86.4531 94.3346
63.2568 87.0719 97.4361
63.188 88.3966 99.3219
60.6636 84.6633 73.2667
60.6748 84.6797 73.3579
60.6951 84.7097 73.5219
60.7292 84.7607 73.7923
60.7799 84.8382 74.1873
60.5403 84.5057 75.2335
60.6378 84.6614 75.8895
60.7682 84.8762 76.7391
60.943 85.1736 77.8318
61.4507 86.0849 80.2955
61.9474 87.0648 83.7655
62.6845 88.4124 87.1347
63.5338 89.9534 90.6506
64.4191 91.5785 94.3542
63.7627 91.0538 99.6826
63.628 91.0863 102.169
57.8498 83.0147 71.203
57.855 83.034 71.2975
57.8645 83.0691 71.467
57.8801 83.1279 71.7453
57.4201 82.3223 71.7321
57.4515 82.4403 72.2682
57.7774 83.0327 73.9291
57.9799 83.3721 75.8546
58.3388 84.0046 78.123
58.8186 84.8519 80.7761
59.2732 85.6414 83.5597
59.8791 86.6432 86.8249
60.5503 87.7492 90.1678
61.5532 89.3277 94.1414
63.0745 91.6002 98.8682
62.8843 91.5043 99.922
56.195 73.0641 76.2397
56.0485 72.8129 76.0332
55.7218 72.277 75.5462
56.1252 72.8015 76.4653
55.913 72.3905 76.3017
55.7735 72.061 76.3029
55.7123 71.8444 76.4946
55.6483 71.5855 76.6801
55.8329 71.7496 77.424
55.6429 71.2369 77.3791
55.019 70.0854 76.535
55.3909 70.5117 77.7334
55.295 70.1545 78.0097
55.3286 70.0832 78.6411
55.3027 69.9581 79.2168
54.5481 69.0263 78.4332
56.1715 73.0305 76.2059
56.0301 72.7892 76.0081
55.7124 72.2689 75.5348
56.1147 72.7943 76.4473
55.8724 72.3499 76.2333
55.6702 71.9355 76.1182
55.7143 71.8541 76.4783
55.5159 71.4359 76.4439
55.8444 71.7682 77.4169
55.9162 71.7374 77.9521
55.6863 71.2294 77.9126
55.453 70.6017 77.8286
55.3768 70.2728 78.1479
55.4285 70.2245 78.8197
55.4202 70.121 79.4366
54.6871 69.2202 78.7054
56.1451 73.0 76.1752
56.0122 72.7735 75.99
55.709 72.2776 75.538
56.1089 72.8018 76.4369
55.8773 72.3743 76.2315
55.6828 71.9699 76.1183
55.6517 71.8003 76.3527
55.5416 71.4825 76.4485
55.8779 71.8406 77.4467
55.9638 71.8069 77.9898
55.7639 71.3443 78.0138
55.5683 70.7688 78.0069
55.8967 71.1497 79.1918
55.6085 70.4787 79.1414
55.6304 70.4122 79.8298
54.9344 69.5653 79.1899
56.1434 73.0178 76.192
56.0216 72.8102 76.0228
55.7381 72.3468 75.5997
56.003 72.6837 76.2496
55.7783 72.2618 76.0328
55.7513 72.1098 76.2198
55.5994 71.7475 76.2006
55.7845 71.8695 76.8492
55.7297 71.6881 77.1358
56.0583 71.9612 78.0968
56.1117 71.8993 78.637
55.4983 70.8291 77.9006
56.1278 71.4866 79.5819
55.9042 70.8989 79.6711
55.9737 70.887 80.4717
55.3351 70.1241 79.9751
55.9747 72.743 75.8103
56.2144 73.1366 76.3838
55.8115 72.4993 75.7342
56.1026 72.8768 76.4171
55.8949 72.4861 76.2209
56.1763 72.8104 76.9875
56.3456 72.9449 77.5829
56.4875 73.0334 78.1767
56.4377 72.8002 78.4182
56.035 71.9917 77.9819
56.5344 72.5802 79.3808
56.7804 72.7753 80.3344
56.6121 72.3174 80.5094
56.4692 71.7762 80.7401
56.7837 72.1062 82.0537
55.9083 70.9127 81.0967
55.8486 72.5875 75.5346
56.1943 73.1144 76.2611
56.3319 73.3392 76.6734
56.1313 72.9876 76.4377
56.5548 73.5449 77.4042
56.5086 73.3856 77.5508
56.5468 73.3256 77.8868
56.6768 73.3916 78.443
56.8309 73.4727 79.0801
57.0489 73.6257 79.8748
56.8514 73.0992 79.8751
57.3326 73.6136 81.2844
57.4005 73.5818 81.9978
57.4845 73.4405 82.7377
57.3948 72.9934 83.2061
56.9413 72.3971 83.1481
55.4648 72.0275 74.6926
55.8374 72.6181 75.4938
56.6136 73.8046 77.0811
56.774 74.0397 77.5653
56.7993 74.0146 77.7937
56.7456 73.8434 77.9093
57.1082 74.282 78.8573
57.4029 74.6063 79.7324
57.529 74.6474 80.3185
57.2579 74.0507 80.1599
57.7338 74.5349 81.4778
57.2971 73.6179 81.0686
57.7412 74.1145 82.5271
57.7782 73.8401 83.1776
57.8058 73.5645 83.9292
57.3044 72.8968 83.8361
56.0613 72.9932 75.6451
56.4219 73.5443 76.3888
56.2242 73.2676 76.1716
57.0059 74.4453 77.8056
57.4725 75.1442 78.9266
57.5925 75.2413 79.3674
57.3716 74.7766 79.1774
57.3883 74.6523 79.4833
57.5767 74.7623 80.1608
57.5733 74.6056 80.5641
57.1265 73.7088 80.1065
57.5989 74.2065 81.5231
57.6468 73.9491 82.1225
57.9135 74.0158 83.2713
57.9286 73.7776 84.0783
57.45 73.0768 84.0779
56.1429 73.207 75.5675
56.4295 73.6643 76.1966
56.401 73.5934 76.2151
57.1516 74.7139 77.7638
57.3475 75.0098 78.382
57.9023 75.7703 79.6348
57.7391 75.4112 79.5765
57.6731 75.1788 79.7473
57.6805 75.0351 80.1042
57.9175 75.2159 80.9543
57.478 74.3419 80.5464
57.9159 74.7553 81.8968
57.9931 74.5906 82.6264
58.0221 74.3697 83.3863
57.673 73.4024 83.4329
57.7481 73.5808 84.6523
55.8016 72.8398 74.6625
55.7609 72.7691 74.6353
56.1851 73.4081 75.5165
57.1706 74.8925 77.4927
57.9368 76.0071 79.0909
58.0289 76.0937 79.5159
57.8078 75.6455 79.3468
57.8132 75.5249 79.6589
57.8276 75.3928 80.0382
58.0222 75.5003 80.8095
57.6748 74.7711 80.6142
57.466 74.1929 80.7224
58.1823 74.9985 82.7495
58.22 74.7795 83.5848
58.3334 74.5672 84.6674
58.9428 76.3978 87.3354
55.926 73.1783 74.4084
56.5592 74.187 75.7044
56.4886 74.0385 75.6152
56.9286 74.7014 76.5889
58.0862 76.4371 78.9275
57.8296 75.9645 78.6613
58.1774 76.3837 79.5548
57.775 75.6616 79.1402
57.805 75.5447 79.5463
58.065 75.7505 80.4554
57.6614 74.9302 80.1824
58.382 75.7539 82.1308
58.4132 75.484 82.855
58.8592 76.3304 84.8824
59.5422 77.809 87.5624
60.2561 79.3863 90.2912
56.1719 73.8105 74.256
56.7732 74.7519 75.448
56.8736 74.849 75.6325
56.9418 74.9621 75.9656
58.0976 76.7082 78.2931
58.236 76.8639 78.803
58.0436 76.4475 78.6794
58.0656 76.3576 79.0474
58.1199 76.2678 79.5031
58.4365 76.5612 80.5479
58.3981 76.4077 81.1685
58.9551 77.456 83.3544
59.5884 78.5958 85.6994
60.2455 79.8236 88.1756
60.8767 81.156 90.7096
61.5974 82.5301 93.375
57.2928 75.9166 75.4022
57.3667 75.9994 75.5293
57.4405 76.1229 75.8141
57.5966 76.3378 76.2401
58.2025 77.2064 77.4703
58.5561 77.6923 78.3727
58.5768 77.623 78.6934
58.8512 78.113 79.9264
59.2357 78.7689 81.4324
59.6601 79.5172 83.1409
60.0796 80.3525 85.0454
60.5614 81.2845 87.0959
61.0618 82.3072 89.2757
61.622 83.4121 91.5647
62.2551 84.5726 93.9762
62.9543 85.7487 96.5452
59.1411 79.4356 77.4583
59.1609 79.4426 77.4996
59.1968 79.4553 77.5744
59.339 79.6857 78.0928
59.1408 79.3592 78.0391
59.3502 79.6214 78.6669
59.671 80.3017 80.2963
60.2127 81.4697 82.7496
60.8369 82.6969 85.1813
61.2737 83.5996 87.205
61.6633 84.3351 88.9573
62.0863 85.1499 90.8565
62.5984 86.0445 92.8697
63.0505 87.0022 95.0058
63.6007 88.0139 97.2379
64.2978 88.9737 99.7343
60.0668 81.9448 77.0822
59.9112 81.7743 77.315
59.9401 81.7968 77.4116
59.9882 81.8347 77.5717
59.9123 81.7343 77.9298
60.0129 81.8173 78.2416
60.0819 81.9374 79.0354
60.583 82.8901 81.2953
61.0061 83.7397 83.5496
61.6799 85.039 86.4494
62.4233 86.5062 89.6406
63.1798 88.0748 93.0066
64.0749 89.7827 96.2978
64.5458 90.5878 98.283
64.9856 91.41 100.418
65.521 92.191 102.775
61.1519 85.5909 75.8345
61.162 85.6063 75.9163
61.1802 85.6344 76.0632
61.2106 85.6815 76.3047
61.2554 85.7522 76.656
60.9987 85.3802 77.451
61.0994 85.547 78.0934
61.5219 86.3007 80.0754
62.0069 87.1721 82.3651
62.5497 88.1552 84.9453
63.1698 89.279 87.7664
63.7475 90.381 91.0516
64.5095 91.7666 94.2353
65.3065 93.2313 97.6017
66.1708 94.8208 101.082
66.3664 95.4857 105.319
